2 0.816797 0.396528 0.066406 0.098611
1 0.414844 0.284722 0.017188 0.069444
2 0.581641 0.263889 0.014844 0.022222
2 0.596484 0.253472 0.014844 0.023611
1 0.615625 0.270833 0.014063 0.052778
1 0.627734 0.257639 0.010156 0.037500
0 0.258984 0.265972 0.013281 0.045833
0 0.499609 0.256250 0.008594 0.031944
1 0.348438 0.250694 0.007812 0.034722
1 0.302734 0.250694 0.007031 0.029167
1 0.437500 0.250000 0.007812 0.030556
1 0.517578 0.252778 0.007031 0.030556
2 0.325000 0.250000 0.010937 0.019444
