0 0.274219 0.281944 0.017188 0.055556
0 0.491406 0.268750 0.014063 0.051389
1 0.702734 0.295139 0.019531 0.079167
1 0.554297 0.252083 0.010156 0.029167
0 0.628125 0.262500 0.012500 0.041667
2 0.521094 0.249306 0.014063 0.018056
2 0.830469 0.265972 0.021875 0.023611
2 0.829297 0.256250 0.017969 0.023611
1 0.918750 0.276389 0.018750 0.061111
1 0.887109 0.258333 0.013281 0.044444
0 0.722266 0.254167 0.011719 0.033333
0 0.673047 0.248611 0.007031 0.025000
1 0.642969 0.247222 0.009375 0.030556
