1 0.933984 0.313889 0.038281 0.133333
1 0.819531 0.272222 0.021875 0.080556
1 0.625391 0.245139 0.011719 0.048611
2 0.595703 0.256250 0.019531 0.029167
2 0.512891 0.238889 0.016406 0.022222
0 0.464453 0.247222 0.016406 0.044444
0 0.411328 0.261806 0.017969 0.068056
0 0.289453 0.284028 0.025781 0.093056
1 0.439063 0.238889 0.009375 0.047222
2 0.425000 0.242361 0.009375 0.026389
1 0.225391 0.248611 0.016406 0.055556
2 0.124609 0.243750 0.017969 0.034722
2 0.157031 0.254861 0.010937 0.015278
1 0.333594 0.240278 0.015625 0.041667
