1 0.851953 0.273611 0.013281 0.052778
2 0.817578 0.286806 0.024219 0.031944
2 0.700391 0.265972 0.021094 0.029167
2 0.317969 0.265278 0.018750 0.022222
0 0.512500 0.318750 0.029687 0.098611
0 0.612891 0.287500 0.011719 0.061111
1 0.621094 0.262500 0.009375 0.044444
0 0.568750 0.259028 0.009375 0.034722
0 0.657422 0.272917 0.016406 0.045833
2 0.600781 0.270833 0.009375 0.016667
1 0.412109 0.272222 0.011719 0.044444
0 0.448437 0.262500 0.009375 0.027778
2 0.346875 0.274306 0.006250 0.020833
1 0.336719 0.270139 0.014063 0.045833
