1 0.870703 0.301389 0.024219 0.075000
1 0.603516 0.273611 0.010156 0.030556
1 0.142578 0.280556 0.016406 0.052778
1 0.029297 0.281944 0.013281 0.052778
1 0.270313 0.276389 0.012500 0.044444
2 0.578125 0.288889 0.015625 0.025000
2 0.466406 0.269444 0.018750 0.030556
2 0.007812 0.273611 0.014063 0.030556
2 0.046484 0.286111 0.011719 0.019444
2 0.369531 0.275694 0.010937 0.018056
0 0.431250 0.278472 0.014063 0.048611
0 0.394141 0.296528 0.014844 0.065278
0 0.289844 0.335417 0.029687 0.123611
0 0.188672 0.268750 0.014844 0.034722
0 0.330469 0.263194 0.012500 0.031944
