0 0.167187 0.356250 0.056250 0.170833
0 0.282422 0.290972 0.021094 0.079167
0 0.315625 0.270833 0.014063 0.058333
0 0.188672 0.252778 0.008594 0.036111
0 0.006641 0.263194 0.011719 0.040278
0 0.103125 0.258333 0.012500 0.041667
1 0.788672 0.290278 0.022656 0.080556
1 0.502734 0.263194 0.011719 0.043056
1 0.264062 0.264583 0.012500 0.054167
2 0.348438 0.262500 0.018750 0.030556
2 0.480859 0.280556 0.017969 0.030556
2 0.237891 0.270833 0.013281 0.016667
1 0.116406 0.266667 0.014063 0.050000
