0 0.217578 0.413889 0.066406 0.236111
0 0.343750 0.290278 0.020313 0.091667
0 0.373437 0.265278 0.017188 0.061111
0 0.235937 0.247917 0.010937 0.029167
0 0.051562 0.256250 0.012500 0.031944
0 0.150781 0.252778 0.009375 0.041667
1 0.952734 0.291667 0.028906 0.088889
1 0.573828 0.259722 0.013281 0.063889
1 0.313672 0.254861 0.013281 0.043056
1 0.164453 0.253472 0.014844 0.054167
2 0.286328 0.264583 0.013281 0.018056
2 0.400391 0.256250 0.021094 0.031944
2 0.552734 0.276389 0.022656 0.038889
