2 0.066797 0.259722 0.003906 0.022222
0 0.174609 0.252083 0.003906 0.015278
1 0.185938 0.250694 0.003125 0.012500
0 0.222656 0.253472 0.003125 0.015278
1 0.275391 0.250000 0.002344 0.011111
2 0.298047 0.250694 0.003906 0.006944
1 0.311719 0.253472 0.004687 0.018056
0 0.398047 0.260417 0.005469 0.029167
2 0.512500 0.251389 0.003125 0.005556
0 0.495703 0.245833 0.002344 0.008333
2 0.547266 0.246528 0.005469 0.006944
2 0.551562 0.307639 0.037500 0.062500
1 0.562500 0.249306 0.003125 0.015278
1 0.654687 0.248611 0.003125 0.016667
2 0.665234 0.259722 0.008594 0.011111
0 0.748047 0.265972 0.008594 0.029167
