0 0.020703 0.247222 0.003906 0.016667
1 0.034766 0.244444 0.002344 0.011111
0 0.080859 0.249306 0.005469 0.020833
0 0.146094 0.245139 0.003125 0.015278
2 0.172266 0.245139 0.003906 0.006944
1 0.189453 0.252083 0.005469 0.020833
0 0.292969 0.259028 0.007812 0.031944
2 0.487891 0.318056 0.042969 0.069444
2 0.410938 0.250694 0.001563 0.004167
2 0.444922 0.245833 0.005469 0.008333
1 0.464453 0.249306 0.003906 0.015278
1 0.555078 0.248611 0.002344 0.013889
2 0.571094 0.259722 0.007812 0.013889
0 0.658203 0.269444 0.008594 0.027778
