%time,field.header.seq,field.header.stamp,field.header.frame_id,field.status.status,field.status.service,field.latitude,field.longitude,field.altitude,field.position_covariance0,field.position_covariance1,field.position_covariance2,field.position_covariance3,field.position_covariance4,field.position_covariance5,field.position_covariance6,field.position_covariance7,field.position_covariance8,field.position_covariance_type
1517688490976940983,1236,1517688490975934982,/gps,1,1,21.311725,-157.889796667,14.8,0.5041,0.0,0.0,0.0,0.5041,0.0,0.0,0.0,2.0164,1
1517688491992683601,1237,1517688491992007970,/gps,1,1,21.3117233333,-157.889791667,14.8,0.5041,0.0,0.0,0.0,0.5041,0.0,0.0,0.0,2.0164,1
1517688492974545577,1238,1517688492973984003,/gps,1,1,21.31172,-157.889786667,14.8,0.5041,0.0,0.0,0.0,0.5041,0.0,0.0,0.0,2.0164,1
1517688493958466448,1239,1517688493957986116,/gps,1,1,21.3117183333,-157.88978,14.7,0.5041,0.0,0.0,0.0,0.5041,0.0,0.0,0.0,2.0164,1
1517688494966527946,1240,1517688494966037988,/gps,1,1,21.311715,-157.889775,14.6,0.5041,0.0,0.0,0.0,0.5041,0.0,0.0,0.0,2.0164,1
1517688495927581729,1241,1517688495926897048,/gps,1,1,21.3117133333,-157.88977,14.5,0.5041,0.0,0.0,0.0,0.5041,0.0,0.0,0.0,2.0164,1
1517688496927586460,1242,1517688496926723003,/gps,1,1,21.31171,-157.889766667,14.5,0.5041,0.0,0.0,0.0,0.5041,0.0,0.0,0.0,2.0164,1
1517688497995074051,1243,1517688497994807958,/gps,1,1,21.31171,-157.889761667,14.4,0.5041,0.0,0.0,0.0,0.5041,0.0,0.0,0.0,2.0164,1
1517688498966559619,1244,1517688498965912103,/gps,1,1,21.31171,-157.889758333,14.4,0.5041,0.0,0.0,0.0,0.5041,0.0,0.0,0.0,2.0164,1
1517688499982400746,1245,1517688499981755971,/gps,1,1,21.3117116667,-157.889753333,14.5,0.5041,0.0,0.0,0.0,0.5041,0.0,0.0,0.0,2.0164,1
1517688500909226636,1246,1517688500908974885,/gps,1,1,21.3117133333,-157.88975,14.5,0.5041,0.0,0.0,0.0,0.5041,0.0,0.0,0.0,2.0164,1
1517688501911351208,1247,1517688501910689115,/gps,1,1,21.3117183333,-157.889746667,14.5,0.5041,0.0,0.0,0.0,0.5041,0.0,0.0,0.0,2.0164,1
1517688502975116047,1248,1517688502974678993,/gps,1,1,21.3117233333,-157.889745,14.5,0.5041,0.0,0.0,0.0,0.5041,0.0,0.0,0.0,2.0164,1
1517688503987551206,1249,1517688503987221002,/gps,1,1,21.3117266667,-157.889745,14.6,0.5329,0.0,0.0,0.0,0.5329,0.0,0.0,0.0,2.1316,1
1517688504956180776,1250,1517688504955900907,/gps,1,1,21.31173,-157.889748333,14.7,0.5041,0.0,0.0,0.0,0.5041,0.0,0.0,0.0,2.0164,1
1517688505916526298,1251,1517688505916095972,/gps,1,1,21.3117316667,-157.889751667,14.9,0.5041,0.0,0.0,0.0,0.5041,0.0,0.0,0.0,2.0164,1
1517688506899259995,1252,1517688506898967981,/gps,1,1,21.3117316667,-157.889753333,14.9,0.5041,0.0,0.0,0.0,0.5041,0.0,0.0,0.0,2.0164,1
1517688507904500084,1253,1517688507904237031,/gps,1,1,21.3117316667,-157.889755,14.9,0.5041,0.0,0.0,0.0,0.5041,0.0,0.0,0.0,2.0164,1
1517688508904438288,1254,1517688508904172897,/gps,1,1,21.3117316667,-157.889756667,15.0,0.5041,0.0,0.0,0.0,0.5041,0.0,0.0,0.0,2.0164,1
1517688509990890207,1255,1517688509990190982,/gps,1,1,21.3117316667,-157.889758333,15.0,0.6241,0.0,0.0,0.0,0.6241,0.0,0.0,0.0,2.4964,1
1517688510917275904,1256,1517688510916928052,/gps,1,1,21.3117316667,-157.88976,15.0,0.5041,0.0,0.0,0.0,0.5041,0.0,0.0,0.0,2.0164,1
1517688511965059816,1257,1517688511964737892,/gps,1,1,21.3117266667,-157.889761667,15.1,0.5041,0.0,0.0,0.0,0.5041,0.0,0.0,0.0,2.0164,1
1517688512963379214,1258,1517688512963059902,/gps,1,1,21.3117233333,-157.889763333,15.1,0.5041,0.0,0.0,0.0,0.5041,0.0,0.0,0.0,2.0164,1
1517688513970757540,1259,1517688513970093011,/gps,1,1,21.3117183333,-157.889765,15.1,0.5041,0.0,0.0,0.0,0.5041,0.0,0.0,0.0,2.0164,1
1517688515016151132,1260,1517688515015393972,/gps,1,1,21.3117183333,-157.889768333,15.2,0.5041,0.0,0.0,0.0,0.5041,0.0,0.0,0.0,2.0164,1
1517688515984768667,1261,1517688515984498023,/gps,1,1,21.31172,-157.889773333,15.2,0.5041,0.0,0.0,0.0,0.5041,0.0,0.0,0.0,2.0164,1
1517688516908797216,1262,1517688516908513069,/gps,1,1,21.3117216667,-157.889778333,15.3,0.5041,0.0,0.0,0.0,0.5041,0.0,0.0,0.0,2.0164,1
1517688517932896079,1263,1517688517932070016,/gps,1,1,21.311725,-157.889785,15.2,0.5041,0.0,0.0,0.0,0.5041,0.0,0.0,0.0,2.0164,1
1517688518926180737,1264,1517688518925529956,/gps,1,1,21.3117283333,-157.889791667,15.3,0.5041,0.0,0.0,0.0,0.5041,0.0,0.0,0.0,2.0164,1
1517688519999363455,1265,1517688519999016046,/gps,1,1,21.3117316667,-157.8898,15.3,0.6241,0.0,0.0,0.0,0.6241,0.0,0.0,0.0,2.4964,1
1517688520960783091,1266,1517688520959945917,/gps,1,1,21.3117333333,-157.889808333,15.4,0.5041,0.0,0.0,0.0,0.5041,0.0,0.0,0.0,2.0164,1
1517688521991023135,1267,1517688521990355014,/gps,1,1,21.3117333333,-157.889813333,15.4,0.5041,0.0,0.0,0.0,0.5041,0.0,0.0,0.0,2.0164,1
1517688522905747180,1268,1517688522905219078,/gps,1,1,21.3117316667,-157.889816667,15.4,0.5041,0.0,0.0,0.0,0.5041,0.0,0.0,0.0,2.0164,1
1517688523959664247,1269,1517688523958976030,/gps,1,1,21.3117283333,-157.889818333,15.4,0.5041,0.0,0.0,0.0,0.5041,0.0,0.0,0.0,2.0164,1
1517688524955163050,1270,1517688524954843997,/gps,1,1,21.3117266667,-157.889816667,15.4,0.5041,0.0,0.0,0.0,0.5041,0.0,0.0,0.0,2.0164,1
1517688525953895406,1271,1517688525953614950,/gps,1,1,21.311725,-157.889815,15.4,0.5041,0.0,0.0,0.0,0.5041,0.0,0.0,0.0,2.0164,1
1517688526922335705,1272,1517688526921874046,/gps,1,1,21.311725,-157.889811667,15.4,0.5041,0.0,0.0,0.0,0.5041,0.0,0.0,0.0,2.0164,1
1517688527917424757,1273,1517688527916724920,/gps,1,1,21.311725,-157.889805,15.4,0.5041,0.0,0.0,0.0,0.5041,0.0,0.0,0.0,2.0164,1
1517688528902331955,1274,1517688528902059078,/gps,1,1,21.3117266667,-157.8898,15.3,0.5041,0.0,0.0,0.0,0.5041,0.0,0.0,0.0,2.0164,1
1517688529958779605,1275,1517688529958354949,/gps,1,1,21.3117283333,-157.889796667,15.3,0.5041,0.0,0.0,0.0,0.5041,0.0,0.0,0.0,2.0164,1
1517688530996557797,1276,1517688530995887041,/gps,1,1,21.3117316667,-157.889793333,15.3,0.5041,0.0,0.0,0.0,0.5041,0.0,0.0,0.0,2.0164,1
1517688531955043688,1277,1517688531954097986,/gps,1,1,21.311735,-157.889791667,15.2,0.5041,0.0,0.0,0.0,0.5041,0.0,0.0,0.0,2.0164,1
1517688532998112111,1278,1517688532997771978,/gps,1,1,21.3117366667,-157.88979,15.2,0.5041,0.0,0.0,0.0,0.5041,0.0,0.0,0.0,2.0164,1
1517688533967920310,1279,1517688533967173099,/gps,1,1,21.31174,-157.889786667,15.2,0.5625,0.0,0.0,0.0,0.5625,0.0,0.0,0.0,2.25,1
1517688534979230562,1280,1517688534978928089,/gps,1,1,21.3117416667,-157.889785,15.2,0.5041,0.0,0.0,0.0,0.5041,0.0,0.0,0.0,2.0164,1
1517688535961438362,1281,1517688535961162090,/gps,1,1,21.311745,-157.889783333,15.2,0.5041,0.0,0.0,0.0,0.5041,0.0,0.0,0.0,2.0164,1
1517688537013395415,1282,1517688537013060092,/gps,1,1,21.3117483333,-157.889783333,15.2,0.5041,0.0,0.0,0.0,0.5041,0.0,0.0,0.0,2.0164,1
1517688537913636710,1283,1517688537913315057,/gps,1,1,21.31175,-157.889783333,15.2,0.5329,0.0,0.0,0.0,0.5329,0.0,0.0,0.0,2.1316,1
1517688538908438291,1284,1517688538908178091,/gps,1,1,21.3117533333,-157.889783333,15.2,0.5329,0.0,0.0,0.0,0.5329,0.0,0.0,0.0,2.1316,1
1517688539925501368,1285,1517688539924801111,/gps,1,1,21.3117566667,-157.889781667,15.2,0.5329,0.0,0.0,0.0,0.5329,0.0,0.0,0.0,2.1316,1
1517688540935195950,1286,1517688540934861898,/gps,1,1,21.31176,-157.889781667,15.2,0.5329,0.0,0.0,0.0,0.5329,0.0,0.0,0.0,2.1316,1
1517688541917464732,1287,1517688541916996955,/gps,1,1,21.3117616667,-157.889781667,15.2,0.5329,0.0,0.0,0.0,0.5329,0.0,0.0,0.0,2.1316,1
1517688542966308107,1288,1517688542965528964,/gps,1,1,21.311765,-157.889781667,15.3,0.5329,0.0,0.0,0.0,0.5329,0.0,0.0,0.0,2.1316,1
1517688543980567459,1289,1517688543979955911,/gps,1,1,21.3117683333,-157.889781667,15.4,0.5329,0.0,0.0,0.0,0.5329,0.0,0.0,0.0,2.1316,1
1517688544962741636,1290,1517688544961924076,/gps,1,1,21.3117716667,-157.889781667,15.4,0.5329,0.0,0.0,0.0,0.5329,0.0,0.0,0.0,2.1316,1
1517688545930110763,1291,1517688545929240942,/gps,1,1,21.311775,-157.889781667,15.5,0.5329,0.0,0.0,0.0,0.5329,0.0,0.0,0.0,2.1316,1
1517688546961033287,1292,1517688546960755109,/gps,1,1,21.3117783333,-157.889781667,15.5,0.5329,0.0,0.0,0.0,0.5329,0.0,0.0,0.0,2.1316,1
1517688547942796835,1293,1517688547942477941,/gps,1,1,21.3117816667,-157.889781667,15.5,0.5329,0.0,0.0,0.0,0.5329,0.0,0.0,0.0,2.1316,1
1517688548962155273,1294,1517688548961877107,/gps,1,1,21.311785,-157.889781667,15.6,0.5329,0.0,0.0,0.0,0.5329,0.0,0.0,0.0,2.1316,1
1517688549983718269,1295,1517688549982269048,/gps,1,1,21.3117883333,-157.889781667,15.6,0.5329,0.0,0.0,0.0,0.5329,0.0,0.0,0.0,2.1316,1
1517688550918363395,1296,1517688550917742013,/gps,1,1,21.3117916667,-157.889781667,15.5,0.5329,0.0,0.0,0.0,0.5329,0.0,0.0,0.0,2.1316,1
1517688551997274597,1297,1517688551996952056,/gps,1,1,21.311795,-157.889781667,15.5,0.5329,0.0,0.0,0.0,0.5329,0.0,0.0,0.0,2.1316,1
1517688552915309712,1298,1517688552915066957,/gps,1,1,21.3118,-157.889783333,15.5,0.5329,0.0,0.0,0.0,0.5329,0.0,0.0,0.0,2.1316,1
1517688553981543491,1299,1517688553980808973,/gps,1,1,21.3118033333,-157.889783333,15.5,0.5329,0.0,0.0,0.0,0.5329,0.0,0.0,0.0,2.1316,1
1517688554981387688,1300,1517688554981089115,/gps,1,1,21.3118066667,-157.889783333,15.6,0.5329,0.0,0.0,0.0,0.5329,0.0,0.0,0.0,2.1316,1
1517688555982345467,1301,1517688555982088088,/gps,1,1,21.31181,-157.889783333,15.6,0.5329,0.0,0.0,0.0,0.5329,0.0,0.0,0.0,2.1316,1
1517688556982444250,1302,1517688556981791019,/gps,1,1,21.3118133333,-157.889785,15.6,0.5329,0.0,0.0,0.0,0.5329,0.0,0.0,0.0,2.1316,1
1517688557999877832,1303,1517688557999109029,/gps,1,1,21.3118166667,-157.889785,15.7,0.5329,0.0,0.0,0.0,0.5329,0.0,0.0,0.0,2.1316,1
1517688558922593596,1304,1517688558921813964,/gps,1,1,21.31182,-157.889785,15.7,0.5329,0.0,0.0,0.0,0.5329,0.0,0.0,0.0,2.1316,1
1517688559966304921,1305,1517688559965950965,/gps,1,1,21.3118233333,-157.889785,15.6,0.5329,0.0,0.0,0.0,0.5329,0.0,0.0,0.0,2.1316,1
1517688560931168369,1306,1517688560930838108,/gps,1,1,21.3118283333,-157.889786667,15.6,0.5329,0.0,0.0,0.0,0.5329,0.0,0.0,0.0,2.1316,1
1517688561930024903,1307,1517688561929405927,/gps,1,1,21.3118316667,-157.889786667,15.6,0.5329,0.0,0.0,0.0,0.5329,0.0,0.0,0.0,2.1316,1
1517688562913456616,1308,1517688562913070917,/gps,1,1,21.311835,-157.889786667,15.6,0.5329,0.0,0.0,0.0,0.5329,0.0,0.0,0.0,2.1316,1
1517688564027561259,1309,1517688564026879072,/gps,1,1,21.3118383333,-157.889786667,15.6,0.5329,0.0,0.0,0.0,0.5329,0.0,0.0,0.0,2.1316,1
1517688564982179760,1310,1517688564981759071,/gps,1,1,21.3118416667,-157.889788333,15.5,0.5329,0.0,0.0,0.0,0.5329,0.0,0.0,0.0,2.1316,1
1517688565972732442,1311,1517688565972268104,/gps,1,1,21.311845,-157.889788333,15.5,0.5329,0.0,0.0,0.0,0.5329,0.0,0.0,0.0,2.1316,1
1517688566933391900,1312,1517688566932832002,/gps,1,1,21.3118483333,-157.889788333,15.6,0.5329,0.0,0.0,0.0,0.5329,0.0,0.0,0.0,2.1316,1
1517688567969312087,1313,1517688567968712091,/gps,1,1,21.3118516667,-157.889788333,15.6,0.5329,0.0,0.0,0.0,0.5329,0.0,0.0,0.0,2.1316,1
1517688568930495701,1314,1517688568929776906,/gps,1,1,21.311855,-157.889788333,15.6,0.5329,0.0,0.0,0.0,0.5329,0.0,0.0,0.0,2.1316,1
1517688569997999910,1315,1517688569997078895,/gps,1,1,21.3118583333,-157.889788333,15.6,0.5329,0.0,0.0,0.0,0.5329,0.0,0.0,0.0,2.1316,1
1517688570958428818,1316,1517688570957679033,/gps,1,1,21.3118616667,-157.88979,15.7,0.5329,0.0,0.0,0.0,0.5329,0.0,0.0,0.0,2.1316,1
1517688571919121000,1317,1517688571918632030,/gps,1,1,21.311865,-157.88979,15.8,0.5329,0.0,0.0,0.0,0.5329,0.0,0.0,0.0,2.1316,1
1517688572966373568,1318,1517688572965730905,/gps,1,1,21.3118683333,-157.88979,15.8,0.5329,0.0,0.0,0.0,0.5329,0.0,0.0,0.0,2.1316,1
1517688573931769983,1319,1517688573931032896,/gps,1,1,21.3118716667,-157.88979,15.8,0.5329,0.0,0.0,0.0,0.5329,0.0,0.0,0.0,2.1316,1
1517688574961201684,1320,1517688574960519075,/gps,1,1,21.311875,-157.889791667,15.8,0.5329,0.0,0.0,0.0,0.5329,0.0,0.0,0.0,2.1316,1
1517688575972228046,1321,1517688575971997022,/gps,1,1,21.3118783333,-157.889791667,15.9,0.5329,0.0,0.0,0.0,0.5329,0.0,0.0,0.0,2.1316,1
1517688576917861382,1322,1517688576917421102,/gps,1,1,21.3118816667,-157.889793333,15.9,0.5329,0.0,0.0,0.0,0.5329,0.0,0.0,0.0,2.1316,1
1517688577964990199,1323,1517688577964739084,/gps,1,1,21.311885,-157.889793333,15.9,0.5329,0.0,0.0,0.0,0.5329,0.0,0.0,0.0,2.1316,1
1517688578962655003,1324,1517688578961987972,/gps,1,1,21.3118883333,-157.889793333,15.9,0.5329,0.0,0.0,0.0,0.5329,0.0,0.0,0.0,2.1316,1
1517688579971687476,1325,1517688579970902919,/gps,1,1,21.3118916667,-157.889793333,16.0,0.5329,0.0,0.0,0.0,0.5329,0.0,0.0,0.0,2.1316,1
1517688580909681418,1326,1517688580909342050,/gps,1,1,21.311895,-157.889795,16.1,0.5329,0.0,0.0,0.0,0.5329,0.0,0.0,0.0,2.1316,1
1517688581973308456,1327,1517688581972959041,/gps,1,1,21.3118983333,-157.889795,16.1,0.5329,0.0,0.0,0.0,0.5329,0.0,0.0,0.0,2.1316,1
1517688582915080655,1328,1517688582914182901,/gps,1,1,21.3119016667,-157.889795,16.2,0.5329,0.0,0.0,0.0,0.5329,0.0,0.0,0.0,2.1316,1
1517688583928535478,1329,1517688583927980899,/gps,1,1,21.3119033333,-157.889795,16.2,0.5329,0.0,0.0,0.0,0.5329,0.0,0.0,0.0,2.1316,1
1517688584981328138,1330,1517688584980957031,/gps,1,1,21.3119066667,-157.889795,16.2,0.5329,0.0,0.0,0.0,0.5329,0.0,0.0,0.0,2.1316,1
1517688585981323112,1331,1517688585980771064,/gps,1,1,21.31191,-157.889796667,16.3,0.5329,0.0,0.0,0.0,0.5329,0.0,0.0,0.0,2.1316,1
1517688586980544136,1332,1517688586980031967,/gps,1,1,21.3119133333,-157.889796667,16.3,0.5329,0.0,0.0,0.0,0.5329,0.0,0.0,0.0,2.1316,1
1517688587946967455,1333,1517688587945877075,/gps,1,1,21.3119166667,-157.889796667,16.3,0.5329,0.0,0.0,0.0,0.5329,0.0,0.0,0.0,2.1316,1
1517688588962658630,1334,1517688588962255001,/gps,1,1,21.31192,-157.889798333,16.3,0.5329,0.0,0.0,0.0,0.5329,0.0,0.0,0.0,2.1316,1
1517688589918921883,1335,1517688589918394088,/gps,1,1,21.311925,-157.8898,16.3,0.5329,0.0,0.0,0.0,0.5329,0.0,0.0,0.0,2.1316,1
1517688590981479022,1336,1517688590980762004,/gps,1,1,21.3119283333,-157.8898,16.3,0.5329,0.0,0.0,0.0,0.5329,0.0,0.0,0.0,2.1316,1
1517688591971907009,1337,1517688591971086025,/gps,1,1,21.3119316667,-157.889801667,16.3,0.5329,0.0,0.0,0.0,0.5329,0.0,0.0,0.0,2.1316,1
1517688592966638147,1338,1517688592965857982,/gps,1,1,21.3119366667,-157.889801667,16.4,0.5329,0.0,0.0,0.0,0.5329,0.0,0.0,0.0,2.1316,1
1517688593975902919,1339,1517688593975033998,/gps,1,1,21.31194,-157.889803333,16.4,0.5329,0.0,0.0,0.0,0.5329,0.0,0.0,0.0,2.1316,1
1517688594911041015,1340,1517688594910440921,/gps,1,1,21.3119433333,-157.889803333,16.4,0.5329,0.0,0.0,0.0,0.5329,0.0,0.0,0.0,2.1316,1
1517688595961512797,1341,1517688595960716962,/gps,1,1,21.3119466667,-157.889805,16.4,0.5329,0.0,0.0,0.0,0.5329,0.0,0.0,0.0,2.1316,1
1517688596981277956,1342,1517688596981019020,/gps,1,1,21.3119516667,-157.889805,16.4,0.5329,0.0,0.0,0.0,0.5329,0.0,0.0,0.0,2.1316,1
1517688597934322712,1343,1517688597933917999,/gps,1,1,21.311955,-157.889806667,16.4,0.5329,0.0,0.0,0.0,0.5329,0.0,0.0,0.0,2.1316,1
1517688598969327998,1344,1517688598968748092,/gps,1,1,21.3119583333,-157.889806667,16.4,0.5329,0.0,0.0,0.0,0.5329,0.0,0.0,0.0,2.1316,1
1517688599996175176,1345,1517688599995790958,/gps,1,1,21.3119616667,-157.889808333,16.4,0.5329,0.0,0.0,0.0,0.5329,0.0,0.0,0.0,2.1316,1
1517688601007198816,1346,1517688601006510019,/gps,1,1,21.311965,-157.889808333,16.4,0.5329,0.0,0.0,0.0,0.5329,0.0,0.0,0.0,2.1316,1
1517688601932315105,1347,1517688601931605100,/gps,1,1,21.31197,-157.88981,16.4,0.5329,0.0,0.0,0.0,0.5329,0.0,0.0,0.0,2.1316,1
1517688602923481644,1348,1517688602922817945,/gps,1,1,21.3119733333,-157.889811667,16.4,0.5329,0.0,0.0,0.0,0.5329,0.0,0.0,0.0,2.1316,1
1517688603920322722,1349,1517688603920093059,/gps,1,1,21.3119766667,-157.889811667,16.4,0.5329,0.0,0.0,0.0,0.5329,0.0,0.0,0.0,2.1316,1
1517688604932905769,1350,1517688604932024955,/gps,1,1,21.3119783333,-157.889811667,16.4,0.5329,0.0,0.0,0.0,0.5329,0.0,0.0,0.0,2.1316,1
1517688605944299179,1351,1517688605943068027,/gps,1,1,21.3119816667,-157.889813333,16.4,0.5041,0.0,0.0,0.0,0.5041,0.0,0.0,0.0,2.0164,1
1517688606981496303,1352,1517688606981244087,/gps,1,1,21.311985,-157.889813333,16.5,0.5041,0.0,0.0,0.0,0.5041,0.0,0.0,0.0,2.0164,1
1517688607977396186,1353,1517688607977066040,/gps,1,1,21.3119866667,-157.889815,16.5,0.5041,0.0,0.0,0.0,0.5041,0.0,0.0,0.0,2.0164,1
1517688608972047569,1354,1517688608971740961,/gps,1,1,21.31199,-157.889815,16.5,0.5041,0.0,0.0,0.0,0.5041,0.0,0.0,0.0,2.0164,1
1517688609965874857,1355,1517688609965543031,/gps,1,1,21.3119933333,-157.889815,16.6,0.5041,0.0,0.0,0.0,0.5041,0.0,0.0,0.0,2.0164,1
1517688610929197618,1356,1517688610928926944,/gps,1,1,21.311995,-157.889816667,16.6,0.5041,0.0,0.0,0.0,0.5041,0.0,0.0,0.0,2.0164,1
1517688611975257839,1357,1517688611974921941,/gps,1,1,21.311995,-157.889818333,16.6,0.5041,0.0,0.0,0.0,0.5041,0.0,0.0,0.0,2.0164,1
1517688612912661305,1358,1517688612911861896,/gps,1,1,21.311995,-157.88982,16.6,0.5041,0.0,0.0,0.0,0.5041,0.0,0.0,0.0,2.0164,1
1517688613980199407,1359,1517688613979809045,/gps,1,1,21.311995,-157.889821667,16.6,0.5041,0.0,0.0,0.0,0.5041,0.0,0.0,0.0,2.0164,1
1517688615940616151,1361,1517688615940366983,/gps,1,1,21.3119916667,-157.889826667,16.6,0.5041,0.0,0.0,0.0,0.5041,0.0,0.0,0.0,2.0164,1
1517688617005441985,1362,1517688617005117893,/gps,1,1,21.31199,-157.889828333,16.6,0.5041,0.0,0.0,0.0,0.5041,0.0,0.0,0.0,2.0164,1
1517688618026249822,1363,1517688618025876045,/gps,1,1,21.3119866667,-157.88983,16.6,0.5041,0.0,0.0,0.0,0.5041,0.0,0.0,0.0,2.0164,1
1517688618945335553,1364,1517688618945055961,/gps,1,1,21.311985,-157.889831667,16.6,0.5041,0.0,0.0,0.0,0.5041,0.0,0.0,0.0,2.0164,1
1517688620013191491,1365,1517688620012671947,/gps,1,1,21.3119816667,-157.889833333,16.6,0.5041,0.0,0.0,0.0,0.5041,0.0,0.0,0.0,2.0164,1
1517688620995976812,1366,1517688620995636940,/gps,1,1,21.31198,-157.889833333,16.6,0.5041,0.0,0.0,0.0,0.5041,0.0,0.0,0.0,2.0164,1
1517688621994647310,1367,1517688621993940114,/gps,1,1,21.3119783333,-157.889833333,16.6,0.5041,0.0,0.0,0.0,0.5041,0.0,0.0,0.0,2.0164,1
1517688622946234897,1368,1517688622945904970,/gps,1,1,21.3119766667,-157.889833333,16.6,0.5041,0.0,0.0,0.0,0.5041,0.0,0.0,0.0,2.0164,1
1517688623950480345,1369,1517688623949726104,/gps,1,1,21.3119766667,-157.889831667,16.5,0.5041,0.0,0.0,0.0,0.5041,0.0,0.0,0.0,2.0164,1
1517688624942068441,1370,1517688624941147089,/gps,1,1,21.311975,-157.889831667,16.5,0.5041,0.0,0.0,0.0,0.5041,0.0,0.0,0.0,2.0164,1
1517688625922448156,1371,1517688625921797037,/gps,1,1,21.311975,-157.889831667,16.5,0.5041,0.0,0.0,0.0,0.5041,0.0,0.0,0.0,2.0164,1
1517688626920614451,1372,1517688626919893980,/gps,1,1,21.311975,-157.88983,16.5,0.5041,0.0,0.0,0.0,0.5041,0.0,0.0,0.0,2.0164,1
1517688627974535607,1373,1517688627973932027,/gps,1,1,21.311975,-157.889828333,16.5,0.5041,0.0,0.0,0.0,0.5041,0.0,0.0,0.0,2.0164,1
1517688628968633994,1374,1517688628967901945,/gps,1,1,21.3119733333,-157.889825,16.6,0.5041,0.0,0.0,0.0,0.5041,0.0,0.0,0.0,2.0164,1
1517688629986559674,1375,1517688629985783100,/gps,1,1,21.3119716667,-157.889821667,16.6,0.5041,0.0,0.0,0.0,0.5041,0.0,0.0,0.0,2.0164,1
1517688630904158825,1376,1517688630903831005,/gps,1,1,21.3119716667,-157.889818333,16.7,0.5041,0.0,0.0,0.0,0.5041,0.0,0.0,0.0,2.0164,1
1517688631927276048,1377,1517688631926677942,/gps,1,1,21.3119716667,-157.889815,16.8,0.5041,0.0,0.0,0.0,0.5041,0.0,0.0,0.0,2.0164,1
1517688632974950980,1378,1517688632974632978,/gps,1,1,21.3119716667,-157.889813333,16.8,0.5329,0.0,0.0,0.0,0.5329,0.0,0.0,0.0,2.1316,1
1517688633973878597,1379,1517688633973607063,/gps,1,1,21.3119733333,-157.889811667,16.7,0.5329,0.0,0.0,0.0,0.5329,0.0,0.0,0.0,2.1316,1
1517688634960754069,1380,1517688634959707975,/gps,1,1,21.311975,-157.889811667,16.7,0.5041,0.0,0.0,0.0,0.5041,0.0,0.0,0.0,2.0164,1
1517688635925945281,1381,1517688635925646066,/gps,1,1,21.3119766667,-157.88981,16.7,0.5041,0.0,0.0,0.0,0.5041,0.0,0.0,0.0,2.0164,1
1517688636978255074,1382,1517688636976844072,/gps,1,1,21.3119783333,-157.88981,16.7,0.5329,0.0,0.0,0.0,0.5329,0.0,0.0,0.0,2.1316,1
1517688637913795512,1383,1517688637913526058,/gps,1,1,21.3119816667,-157.88981,16.7,0.5329,0.0,0.0,0.0,0.5329,0.0,0.0,0.0,2.1316,1
1517688638933841980,1384,1517688638933453083,/gps,1,1,21.311985,-157.889811667,16.7,0.5329,0.0,0.0,0.0,0.5329,0.0,0.0,0.0,2.1316,1
1517688639982366234,1385,1517688639982008934,/gps,1,1,21.3119866667,-157.889813333,16.7,0.5041,0.0,0.0,0.0,0.5041,0.0,0.0,0.0,2.0164,1
1517688640933482028,1386,1517688640932791948,/gps,1,1,21.31199,-157.889813333,16.7,0.5041,0.0,0.0,0.0,0.5041,0.0,0.0,0.0,2.0164,1
1517688641980227545,1387,1517688641979448080,/gps,1,1,21.3119933333,-157.889815,16.7,0.5625,0.0,0.0,0.0,0.5625,0.0,0.0,0.0,2.25,1
1517688642975377852,1388,1517688642975099086,/gps,1,1,21.3119966667,-157.889816667,16.7,0.5041,0.0,0.0,0.0,0.5041,0.0,0.0,0.0,2.0164,1
1517688643953952373,1389,1517688643952526092,/gps,1,1,21.312,-157.889818333,16.7,0.5329,0.0,0.0,0.0,0.5329,0.0,0.0,0.0,2.1316,1
1517688644957336631,1390,1517688644956621885,/gps,1,1,21.3120033333,-157.88982,16.7,0.5041,0.0,0.0,0.0,0.5041,0.0,0.0,0.0,2.0164,1
1517688645904127747,1391,1517688645903703927,/gps,1,1,21.3120066667,-157.889823333,16.7,0.5041,0.0,0.0,0.0,0.5041,0.0,0.0,0.0,2.0164,1
1517688646923891966,1392,1517688646923484086,/gps,1,1,21.31201,-157.889825,16.7,0.5041,0.0,0.0,0.0,0.5041,0.0,0.0,0.0,2.0164,1
1517688647940094105,1393,1517688647939320087,/gps,1,1,21.3120116667,-157.889828333,16.7,0.5041,0.0,0.0,0.0,0.5041,0.0,0.0,0.0,2.0164,1
1517688648972489322,1394,1517688648972209930,/gps,1,1,21.312015,-157.88983,16.7,0.5041,0.0,0.0,0.0,0.5041,0.0,0.0,0.0,2.0164,1
1517688649964930046,1395,1517688649964683055,/gps,1,1,21.3120166667,-157.889833333,16.7,0.5041,0.0,0.0,0.0,0.5041,0.0,0.0,0.0,2.0164,1
1517688650964223838,1396,1517688650963463068,/gps,1,1,21.31202,-157.889835,16.6,0.5041,0.0,0.0,0.0,0.5041,0.0,0.0,0.0,2.0164,1
1517688651922136495,1397,1517688651921880960,/gps,1,1,21.3120233333,-157.889838333,16.5,0.5041,0.0,0.0,0.0,0.5041,0.0,0.0,0.0,2.0164,1
1517688652926158475,1398,1517688652925601005,/gps,1,1,21.3120266667,-157.88984,16.5,0.5041,0.0,0.0,0.0,0.5041,0.0,0.0,0.0,2.0164,1
1517688653975936278,1399,1517688653975606918,/gps,1,1,21.31203,-157.889841667,16.5,0.5041,0.0,0.0,0.0,0.5041,0.0,0.0,0.0,2.0164,1
1517688654961830202,1400,1517688654961507081,/gps,1,1,21.312035,-157.889843333,16.5,0.5041,0.0,0.0,0.0,0.5041,0.0,0.0,0.0,2.0164,1
1517688655981081651,1401,1517688655980698108,/gps,1,1,21.3120383333,-157.889845,16.6,0.5041,0.0,0.0,0.0,0.5041,0.0,0.0,0.0,2.0164,1
1517688656927323892,1402,1517688656926572084,/gps,1,1,21.3120416667,-157.889848333,16.6,0.5041,0.0,0.0,0.0,0.5041,0.0,0.0,0.0,2.0164,1
1517688658019419969,1403,1517688658018762111,/gps,1,1,21.3120466667,-157.88985,16.6,0.5041,0.0,0.0,0.0,0.5041,0.0,0.0,0.0,2.0164,1
1517688658918184995,1404,1517688658917532920,/gps,1,1,21.31205,-157.889851667,16.6,0.5041,0.0,0.0,0.0,0.5041,0.0,0.0,0.0,2.0164,1
1517688659959217281,1405,1517688659958283901,/gps,1,1,21.3120533333,-157.889855,16.6,0.5041,0.0,0.0,0.0,0.5041,0.0,0.0,0.0,2.0164,1
1517688661016681802,1406,1517688661016443014,/gps,1,1,21.3120566667,-157.889855,16.5,0.5041,0.0,0.0,0.0,0.5041,0.0,0.0,0.0,2.0164,1
1517688661931131165,1407,1517688661929704904,/gps,1,1,21.3120616667,-157.889858333,16.6,0.5041,0.0,0.0,0.0,0.5041,0.0,0.0,0.0,2.0164,1
1517688663014137190,1408,1517688663013485908,/gps,1,1,21.312065,-157.88986,16.5,0.5041,0.0,0.0,0.0,0.5041,0.0,0.0,0.0,2.0164,1
1517688663969230863,1409,1517688663968491077,/gps,1,1,21.3120683333,-157.889861667,16.5,0.5041,0.0,0.0,0.0,0.5041,0.0,0.0,0.0,2.0164,1
1517688664960145361,1410,1517688664959475040,/gps,1,1,21.3120716667,-157.889865,16.5,0.5041,0.0,0.0,0.0,0.5041,0.0,0.0,0.0,2.0164,1
1517688665990788797,1411,1517688665990134000,/gps,1,1,21.3120766667,-157.889866667,16.5,0.5041,0.0,0.0,0.0,0.5041,0.0,0.0,0.0,2.0164,1
1517688666957329601,1412,1517688666956643104,/gps,1,1,21.31208,-157.889868333,16.4,0.5041,0.0,0.0,0.0,0.5041,0.0,0.0,0.0,2.0164,1
1517688667951084206,1413,1517688667950404882,/gps,1,1,21.3120833333,-157.88987,16.4,0.5041,0.0,0.0,0.0,0.5041,0.0,0.0,0.0,2.0164,1
1517688668913272990,1414,1517688668912590026,/gps,1,1,21.3120866667,-157.889871667,16.4,0.5041,0.0,0.0,0.0,0.5041,0.0,0.0,0.0,2.0164,1
1517688669919554147,1415,1517688669918876886,/gps,1,1,21.3120916667,-157.889873333,16.4,0.5041,0.0,0.0,0.0,0.5041,0.0,0.0,0.0,2.0164,1
1517688670979784968,1416,1517688670979479074,/gps,1,1,21.312095,-157.889875,16.4,0.5041,0.0,0.0,0.0,0.5041,0.0,0.0,0.0,2.0164,1
1517688671996944131,1417,1517688671995881080,/gps,1,1,21.3120983333,-157.889875,16.4,0.5329,0.0,0.0,0.0,0.5329,0.0,0.0,0.0,2.1316,1
1517688672967589256,1418,1517688672967319965,/gps,1,1,21.3121033333,-157.889876667,16.4,0.5329,0.0,0.0,0.0,0.5329,0.0,0.0,0.0,2.1316,1
1517688673945625955,1419,1517688673945302963,/gps,1,1,21.3121083333,-157.889878333,16.4,0.5329,0.0,0.0,0.0,0.5329,0.0,0.0,0.0,2.1316,1
1517688674979013003,1420,1517688674978708028,/gps,1,1,21.3121116667,-157.889878333,16.3,0.5329,0.0,0.0,0.0,0.5329,0.0,0.0,0.0,2.1316,1
1517688676015635309,1421,1517688676013555049,/gps,1,1,21.3121166667,-157.88988,16.3,0.5329,0.0,0.0,0.0,0.5329,0.0,0.0,0.0,2.1316,1
1517688676960827858,1422,1517688676960585117,/gps,1,1,21.31212,-157.88988,16.3,0.5329,0.0,0.0,0.0,0.5329,0.0,0.0,0.0,2.1316,1
1517688677939355215,1423,1517688677938651084,/gps,1,1,21.312125,-157.88988,16.3,0.5329,0.0,0.0,0.0,0.5329,0.0,0.0,0.0,2.1316,1
1517688678970739811,1424,1517688678970132112,/gps,1,1,21.3121266667,-157.88988,16.2,0.5329,0.0,0.0,0.0,0.5329,0.0,0.0,0.0,2.1316,1
1517688679900069143,1425,1517688679899777889,/gps,1,1,21.31213,-157.889878333,16.2,0.5041,0.0,0.0,0.0,0.5041,0.0,0.0,0.0,2.0164,1
1517688680898176886,1426,1517688680897797107,/gps,1,1,21.3121333333,-157.889876667,16.1,0.5041,0.0,0.0,0.0,0.5041,0.0,0.0,0.0,2.0164,1
1517688681951368667,1427,1517688681950670957,/gps,1,1,21.3121366667,-157.889873333,16.1,0.5041,0.0,0.0,0.0,0.5041,0.0,0.0,0.0,2.0164,1
1517688682900701354,1428,1517688682899996995,/gps,1,1,21.31214,-157.88987,16.1,0.5041,0.0,0.0,0.0,0.5041,0.0,0.0,0.0,2.0164,1
1517688683982537556,1429,1517688683981769084,/gps,1,1,21.3121433333,-157.889868333,16.1,0.5041,0.0,0.0,0.0,0.5041,0.0,0.0,0.0,2.0164,1
1517688684971497488,1430,1517688684970896005,/gps,1,1,21.3121466667,-157.889866667,16.1,0.5041,0.0,0.0,0.0,0.5041,0.0,0.0,0.0,2.0164,1
1517688685961365261,1431,1517688685961114883,/gps,1,1,21.31215,-157.889865,16.2,0.5041,0.0,0.0,0.0,0.5041,0.0,0.0,0.0,2.0164,1
1517688686980967456,1432,1517688686980277061,/gps,1,1,21.3121533333,-157.889863333,16.2,0.5041,0.0,0.0,0.0,0.5041,0.0,0.0,0.0,2.0164,1
1517688687985682434,1433,1517688687985353946,/gps,1,1,21.3121566667,-157.889861667,16.2,0.5041,0.0,0.0,0.0,0.5041,0.0,0.0,0.0,2.0164,1
1517688688915477755,1434,1517688688914674043,/gps,1,1,21.3121616667,-157.889861667,16.3,0.5329,0.0,0.0,0.0,0.5329,0.0,0.0,0.0,2.1316,1
1517688689936020037,1435,1517688689935735940,/gps,1,1,21.312165,-157.889861667,16.3,0.5329,0.0,0.0,0.0,0.5329,0.0,0.0,0.0,2.1316,1
1517688690900975203,1436,1517688690900640964,/gps,1,1,21.3121683333,-157.889861667,16.3,0.5329,0.0,0.0,0.0,0.5329,0.0,0.0,0.0,2.1316,1
1517688691932042667,1437,1517688691931718111,/gps,1,1,21.3121716667,-157.889861667,16.3,0.5329,0.0,0.0,0.0,0.5329,0.0,0.0,0.0,2.1316,1
1517688692934739604,1438,1517688692934365987,/gps,1,1,21.3121766667,-157.889861667,16.3,0.5329,0.0,0.0,0.0,0.5329,0.0,0.0,0.0,2.1316,1
1517688693976383553,1439,1517688693975902080,/gps,1,1,21.31218,-157.889865,16.3,0.5041,0.0,0.0,0.0,0.5041,0.0,0.0,0.0,2.0164,1
1517688694956959159,1440,1517688694956336975,/gps,1,1,21.3121833333,-157.889866667,16.3,0.5041,0.0,0.0,0.0,0.5041,0.0,0.0,0.0,2.0164,1
1517688695961401304,1441,1517688695961097955,/gps,1,1,21.312185,-157.88987,16.2,0.5041,0.0,0.0,0.0,0.5041,0.0,0.0,0.0,2.0164,1
1517688696927194851,1442,1517688696926561117,/gps,1,1,21.3121866667,-157.889873333,16.2,0.5041,0.0,0.0,0.0,0.5041,0.0,0.0,0.0,2.0164,1
1517688697979199114,1443,1517688697978584051,/gps,1,1,21.3121866667,-157.889876667,16.2,0.5041,0.0,0.0,0.0,0.5041,0.0,0.0,0.0,2.0164,1
1517688698912873585,1444,1517688698912606000,/gps,1,1,21.3121866667,-157.88988,16.3,0.5041,0.0,0.0,0.0,0.5041,0.0,0.0,0.0,2.0164,1
1517688699953616311,1445,1517688699953015089,/gps,1,1,21.3121866667,-157.889883333,16.3,0.5041,0.0,0.0,0.0,0.5041,0.0,0.0,0.0,2.0164,1
1517688700954590999,1446,1517688700953819990,/gps,1,1,21.312185,-157.889886667,16.4,0.5041,0.0,0.0,0.0,0.5041,0.0,0.0,0.0,2.0164,1
1517688701987945785,1447,1517688701987251996,/gps,1,1,21.312185,-157.88989,16.5,0.5041,0.0,0.0,0.0,0.5041,0.0,0.0,0.0,2.0164,1
1517688702977332645,1448,1517688702976546049,/gps,1,1,21.3121833333,-157.889893333,16.6,0.5041,0.0,0.0,0.0,0.5041,0.0,0.0,0.0,2.0164,1
1517688703960166774,1449,1517688703959770917,/gps,1,1,21.3121816667,-157.889895,16.5,0.5041,0.0,0.0,0.0,0.5041,0.0,0.0,0.0,2.0164,1
1517688704966379417,1450,1517688704966113090,/gps,1,1,21.31218,-157.889896667,16.5,0.5041,0.0,0.0,0.0,0.5041,0.0,0.0,0.0,2.0164,1
1517688705977523335,1451,1517688705977256059,/gps,1,1,21.3121783333,-157.8899,16.5,0.5041,0.0,0.0,0.0,0.5041,0.0,0.0,0.0,2.0164,1
1517688706959578148,1452,1517688706958309888,/gps,1,1,21.312175,-157.8899,16.5,0.5041,0.0,0.0,0.0,0.5041,0.0,0.0,0.0,2.0164,1
1517688707989646844,1453,1517688707989389896,/gps,1,1,21.3121733333,-157.889901667,16.4,0.5041,0.0,0.0,0.0,0.5041,0.0,0.0,0.0,2.0164,1
1517688708916710144,1454,1517688708916397094,/gps,1,1,21.3121716667,-157.889901667,16.4,0.5041,0.0,0.0,0.0,0.5041,0.0,0.0,0.0,2.0164,1
1517688709907032524,1455,1517688709906706094,/gps,1,1,21.31217,-157.889901667,16.3,0.5041,0.0,0.0,0.0,0.5041,0.0,0.0,0.0,2.0164,1
1517688710926951006,1456,1517688710926232099,/gps,1,1,21.3121683333,-157.889901667,16.3,0.5041,0.0,0.0,0.0,0.5041,0.0,0.0,0.0,2.0164,1
1517688711926642470,1457,1517688711926299095,/gps,1,1,21.3121683333,-157.889901667,16.3,0.5041,0.0,0.0,0.0,0.5041,0.0,0.0,0.0,2.0164,1
1517688712930927892,1458,1517688712930211067,/gps,1,1,21.31217,-157.889901667,16.3,0.5041,0.0,0.0,0.0,0.5041,0.0,0.0,0.0,2.0164,1
1517688713923242854,1459,1517688713922554016,/gps,1,1,21.3121716667,-157.889901667,16.3,0.5041,0.0,0.0,0.0,0.5041,0.0,0.0,0.0,2.0164,1
1517688714979895785,1460,1517688714979353904,/gps,1,1,21.3121733333,-157.889903333,16.3,0.5041,0.0,0.0,0.0,0.5041,0.0,0.0,0.0,2.0164,1
1517688715978608309,1461,1517688715978328943,/gps,1,1,21.312175,-157.889903333,16.3,0.5041,0.0,0.0,0.0,0.5041,0.0,0.0,0.0,2.0164,1
1517688716980664233,1462,1517688716980365991,/gps,1,1,21.3121783333,-157.889906667,16.3,0.5329,0.0,0.0,0.0,0.5329,0.0,0.0,0.0,2.1316,1
1517688717938020387,1463,1517688717937643051,/gps,1,1,21.3121816667,-157.889908333,16.3,0.5041,0.0,0.0,0.0,0.5041,0.0,0.0,0.0,2.0164,1
1517688718933456164,1464,1517688718933165073,/gps,1,1,21.3121866667,-157.88991,16.3,0.5041,0.0,0.0,0.0,0.5041,0.0,0.0,0.0,2.0164,1
1517688719926660783,1465,1517688719926382064,/gps,1,1,21.31219,-157.889911667,16.3,0.5329,0.0,0.0,0.0,0.5329,0.0,0.0,0.0,2.1316,1
1517688720982892515,1466,1517688720982563018,/gps,1,1,21.3121933333,-157.889913333,16.2,0.5329,0.0,0.0,0.0,0.5329,0.0,0.0,0.0,2.1316,1
1517688721982258833,1467,1517688721981566905,/gps,1,1,21.3121966667,-157.889915,16.2,0.5329,0.0,0.0,0.0,0.5329,0.0,0.0,0.0,2.1316,1
1517688722944860408,1468,1517688722944329977,/gps,1,1,21.3122,-157.889915,16.2,0.5329,0.0,0.0,0.0,0.5329,0.0,0.0,0.0,2.1316,1
1517688723969248102,1469,1517688723968677997,/gps,1,1,21.3122033333,-157.889916667,16.3,0.5329,0.0,0.0,0.0,0.5329,0.0,0.0,0.0,2.1316,1
1517688724973025849,1470,1517688724972791910,/gps,1,1,21.312205,-157.889915,16.3,0.5329,0.0,0.0,0.0,0.5329,0.0,0.0,0.0,2.1316,1
1517688725975453953,1471,1517688725975033044,/gps,1,1,21.3122066667,-157.889913333,16.3,0.5041,0.0,0.0,0.0,0.5041,0.0,0.0,0.0,2.0164,1
1517688726957791723,1472,1517688726957494974,/gps,1,1,21.3122066667,-157.889911667,16.4,0.5041,0.0,0.0,0.0,0.5041,0.0,0.0,0.0,2.0164,1
1517688727931983275,1473,1517688727931396007,/gps,1,1,21.3122083333,-157.889906667,16.3,0.5041,0.0,0.0,0.0,0.5041,0.0,0.0,0.0,2.0164,1
1517688728961360623,1474,1517688728961078882,/gps,1,1,21.3122116667,-157.889898333,16.3,0.5041,0.0,0.0,0.0,0.5041,0.0,0.0,0.0,2.0164,1
1517688729998977406,1475,1517688729998183965,/gps,1,1,21.3122133333,-157.889891667,16.2,0.5041,0.0,0.0,0.0,0.5041,0.0,0.0,0.0,2.0164,1
1517688731002666289,1476,1517688731002393007,/gps,1,1,21.3122166667,-157.889883333,16.2,0.5041,0.0,0.0,0.0,0.5041,0.0,0.0,0.0,2.0164,1
1517688731942899104,1477,1517688731942589044,/gps,1,1,21.31222,-157.889876667,16.2,0.5041,0.0,0.0,0.0,0.5041,0.0,0.0,0.0,2.0164,1
1517688732932404579,1478,1517688732931833028,/gps,1,1,21.3122233333,-157.889871667,16.3,0.5041,0.0,0.0,0.0,0.5041,0.0,0.0,0.0,2.0164,1
1517688733919468406,1479,1517688733918991088,/gps,1,1,21.3122266667,-157.889866667,16.3,0.5041,0.0,0.0,0.0,0.5041,0.0,0.0,0.0,2.0164,1
1517688734930726841,1480,1517688734930275917,/gps,1,1,21.31223,-157.889865,16.3,0.5041,0.0,0.0,0.0,0.5041,0.0,0.0,0.0,2.0164,1
1517688735980584081,1481,1517688735980210065,/gps,1,1,21.312235,-157.889861667,16.3,0.5041,0.0,0.0,0.0,0.5041,0.0,0.0,0.0,2.0164,1
1517688736982854852,1482,1517688736982531070,/gps,1,1,21.3122383333,-157.88986,16.3,0.5041,0.0,0.0,0.0,0.5041,0.0,0.0,0.0,2.0164,1
1517688737974003824,1483,1517688737973648071,/gps,1,1,21.3122416667,-157.889858333,16.2,0.5041,0.0,0.0,0.0,0.5041,0.0,0.0,0.0,2.0164,1
1517688738926942054,1484,1517688738926670074,/gps,1,1,21.312245,-157.889856667,16.2,0.5041,0.0,0.0,0.0,0.5041,0.0,0.0,0.0,2.0164,1
1517688739928874299,1485,1517688739928623914,/gps,1,1,21.31225,-157.889855,16.2,0.5041,0.0,0.0,0.0,0.5041,0.0,0.0,0.0,2.0164,1
1517688740927994382,1486,1517688740927686929,/gps,1,1,21.3122533333,-157.889853333,16.2,0.5329,0.0,0.0,0.0,0.5329,0.0,0.0,0.0,2.1316,1
1517688741981246287,1487,1517688741980958938,/gps,1,1,21.3122566667,-157.889851667,16.2,0.5329,0.0,0.0,0.0,0.5329,0.0,0.0,0.0,2.1316,1
1517688742962340565,1488,1517688742962025880,/gps,1,1,21.31226,-157.889851667,16.2,0.5329,0.0,0.0,0.0,0.5329,0.0,0.0,0.0,2.1316,1
1517688743936584823,1489,1517688743936311006,/gps,1,1,21.3122633333,-157.889851667,16.2,0.5329,0.0,0.0,0.0,0.5329,0.0,0.0,0.0,2.1316,1
1517688744976634746,1490,1517688744976362943,/gps,1,1,21.3122683333,-157.88985,16.2,0.5329,0.0,0.0,0.0,0.5329,0.0,0.0,0.0,2.1316,1
1517688745961198444,1491,1517688745960278034,/gps,1,1,21.3122716667,-157.88985,16.2,0.5329,0.0,0.0,0.0,0.5329,0.0,0.0,0.0,2.1316,1
1517688746960935950,1492,1517688746960685968,/gps,1,1,21.3122766667,-157.88985,16.2,0.5329,0.0,0.0,0.0,0.5329,0.0,0.0,0.0,2.1316,1
1517688747965316043,1493,1517688747964888095,/gps,1,1,21.3122816667,-157.889848333,16.2,0.5329,0.0,0.0,0.0,0.5329,0.0,0.0,0.0,2.1316,1
1517688748928792716,1494,1517688748928280115,/gps,1,1,21.3122866667,-157.889848333,16.2,0.5329,0.0,0.0,0.0,0.5329,0.0,0.0,0.0,2.1316,1
1517688749984509855,1495,1517688749984200000,/gps,1,1,21.31229,-157.889848333,16.3,0.5329,0.0,0.0,0.0,0.5329,0.0,0.0,0.0,2.1316,1
1517688750978792570,1496,1517688750978168964,/gps,1,1,21.312295,-157.889848333,16.3,0.5329,0.0,0.0,0.0,0.5329,0.0,0.0,0.0,2.1316,1
1517688751969427358,1497,1517688751968775033,/gps,1,1,21.3122983333,-157.889846667,16.3,0.5329,0.0,0.0,0.0,0.5329,0.0,0.0,0.0,2.1316,1
1517688752931737830,1498,1517688752931412935,/gps,1,1,21.3123033333,-157.889846667,16.3,0.5329,0.0,0.0,0.0,0.5329,0.0,0.0,0.0,2.1316,1
1517688753926594757,1499,1517688753925061941,/gps,1,1,21.3123066667,-157.889846667,16.4,0.5329,0.0,0.0,0.0,0.5329,0.0,0.0,0.0,2.1316,1
1517688754936915405,1500,1517688754936358928,/gps,1,1,21.3123116667,-157.889846667,16.5,0.5329,0.0,0.0,0.0,0.5329,0.0,0.0,0.0,2.1316,1
1517688755942949599,1501,1517688755942500114,/gps,1,1,21.312315,-157.889846667,16.5,0.5329,0.0,0.0,0.0,0.5329,0.0,0.0,0.0,2.1316,1
1517688756922939796,1502,1517688756922492980,/gps,1,1,21.3123183333,-157.889846667,16.5,0.5329,0.0,0.0,0.0,0.5329,0.0,0.0,0.0,2.1316,1
1517688757984786052,1503,1517688757983918905,/gps,1,1,21.3123233333,-157.889846667,16.5,0.5329,0.0,0.0,0.0,0.5329,0.0,0.0,0.0,2.1316,1
1517688758961669998,1504,1517688758961374044,/gps,1,1,21.3123266667,-157.889846667,16.5,0.5329,0.0,0.0,0.0,0.5329,0.0,0.0,0.0,2.1316,1
1517688759979269769,1505,1517688759978456974,/gps,1,1,21.31233,-157.889846667,16.5,0.5329,0.0,0.0,0.0,0.5329,0.0,0.0,0.0,2.1316,1
1517688760919123537,1506,1517688760917268991,/gps,1,1,21.312335,-157.889846667,16.5,0.5329,0.0,0.0,0.0,0.5329,0.0,0.0,0.0,2.1316,1
1517688761925049501,1507,1517688761924303054,/gps,1,1,21.3123383333,-157.889846667,16.5,0.5329,0.0,0.0,0.0,0.5329,0.0,0.0,0.0,2.1316,1
1517688762984657404,1508,1517688762984309911,/gps,1,1,21.3123416667,-157.889846667,16.4,0.5329,0.0,0.0,0.0,0.5329,0.0,0.0,0.0,2.1316,1
1517688763980631121,1509,1517688763980006933,/gps,1,1,21.3123466667,-157.889846667,16.4,0.5329,0.0,0.0,0.0,0.5329,0.0,0.0,0.0,2.1316,1
1517688764912653843,1510,1517688764912414073,/gps,1,1,21.3123516667,-157.889846667,16.4,0.5329,0.0,0.0,0.0,0.5329,0.0,0.0,0.0,2.1316,1
1517688765962821883,1511,1517688765962456941,/gps,1,1,21.312355,-157.889846667,16.4,0.5329,0.0,0.0,0.0,0.5329,0.0,0.0,0.0,2.1316,1
1517688766962453055,1512,1517688766961218118,/gps,1,1,21.31236,-157.889845,16.4,0.5329,0.0,0.0,0.0,0.5329,0.0,0.0,0.0,2.1316,1
1517688767994698980,1513,1517688767993983030,/gps,1,1,21.312365,-157.889845,16.4,0.5329,0.0,0.0,0.0,0.5329,0.0,0.0,0.0,2.1316,1
1517688768973430716,1514,1517688768973120927,/gps,1,1,21.31237,-157.889845,16.4,0.5329,0.0,0.0,0.0,0.5329,0.0,0.0,0.0,2.1316,1
1517688769914182087,1515,1517688769913486003,/gps,1,1,21.3123733333,-157.889845,16.3,0.5329,0.0,0.0,0.0,0.5329,0.0,0.0,0.0,2.1316,1
1517688770965698465,1516,1517688770964966058,/gps,1,1,21.3123783333,-157.889845,16.3,0.5329,0.0,0.0,0.0,0.5329,0.0,0.0,0.0,2.1316,1
1517688772014917424,1517,1517688772014516115,/gps,1,1,21.3123816667,-157.889845,16.3,0.5329,0.0,0.0,0.0,0.5329,0.0,0.0,0.0,2.1316,1
1517688772997889359,1518,1517688772997288942,/gps,1,1,21.3123866667,-157.889845,16.3,0.5329,0.0,0.0,0.0,0.5329,0.0,0.0,0.0,2.1316,1
1517688773916829710,1519,1517688773916234970,/gps,1,1,21.3123916667,-157.889845,16.3,0.5329,0.0,0.0,0.0,0.5329,0.0,0.0,0.0,2.1316,1
1517688774940812082,1520,1517688774940226078,/gps,1,1,21.312395,-157.889845,16.3,0.5329,0.0,0.0,0.0,0.5329,0.0,0.0,0.0,2.1316,1
1517688775938626155,1521,1517688775938056945,/gps,1,1,21.3124,-157.889845,16.2,0.5329,0.0,0.0,0.0,0.5329,0.0,0.0,0.0,2.1316,1
1517688776936712740,1522,1517688776935966014,/gps,1,1,21.3124033333,-157.889845,16.1,0.5329,0.0,0.0,0.0,0.5329,0.0,0.0,0.0,2.1316,1
1517688777942828168,1523,1517688777942188978,/gps,1,1,21.3124083333,-157.889843333,16.1,0.5329,0.0,0.0,0.0,0.5329,0.0,0.0,0.0,2.1316,1
1517688779009613364,1524,1517688779008882045,/gps,1,1,21.3124116667,-157.889843333,16.0,0.5329,0.0,0.0,0.0,0.5329,0.0,0.0,0.0,2.1316,1
1517688780006718863,1525,1517688780006407022,/gps,1,1,21.3124166667,-157.889841667,15.9,0.5329,0.0,0.0,0.0,0.5329,0.0,0.0,0.0,2.1316,1
1517688780995285309,1526,1517688780994709968,/gps,1,1,21.3124216667,-157.889841667,15.8,0.5329,0.0,0.0,0.0,0.5329,0.0,0.0,0.0,2.1316,1
1517688781948460073,1527,1517688781948182106,/gps,1,1,21.3124266667,-157.889841667,15.7,0.5329,0.0,0.0,0.0,0.5329,0.0,0.0,0.0,2.1316,1
1517688782950709953,1528,1517688782950059890,/gps,1,1,21.3124316667,-157.889841667,15.7,0.5329,0.0,0.0,0.0,0.5329,0.0,0.0,0.0,2.1316,1
1517688783999390048,1529,1517688783999145984,/gps,1,1,21.3124366667,-157.88984,15.7,0.5329,0.0,0.0,0.0,0.5329,0.0,0.0,0.0,2.1316,1
1517688784958802027,1530,1517688784958169937,/gps,1,1,21.3124416667,-157.88984,15.7,0.5329,0.0,0.0,0.0,0.5329,0.0,0.0,0.0,2.1316,1
1517688785935768245,1531,1517688785935041904,/gps,1,1,21.3124483333,-157.88984,15.6,0.5329,0.0,0.0,0.0,0.5329,0.0,0.0,0.0,2.1316,1
1517688786911748205,1532,1517688786905488967,/gps,1,1,21.3124533333,-157.889838333,15.6,0.5329,0.0,0.0,0.0,0.5329,0.0,0.0,0.0,2.1316,1
1517688787954718542,1533,1517688787954286098,/gps,1,1,21.3124583333,-157.889838333,15.6,0.5329,0.0,0.0,0.0,0.5329,0.0,0.0,0.0,2.1316,1
1517688788927656888,1534,1517688788927376031,/gps,1,1,21.3124633333,-157.889838333,15.6,0.5329,0.0,0.0,0.0,0.5329,0.0,0.0,0.0,2.1316,1
1517688789918364117,1535,1517688789918061971,/gps,1,1,21.3124683333,-157.88984,15.7,0.5329,0.0,0.0,0.0,0.5329,0.0,0.0,0.0,2.1316,1
1517688790970261661,1536,1517688790970002889,/gps,1,1,21.3124733333,-157.889841667,15.7,0.5329,0.0,0.0,0.0,0.5329,0.0,0.0,0.0,2.1316,1
1517688791922871049,1537,1517688791922550916,/gps,1,1,21.3124766667,-157.889843333,15.7,0.5041,0.0,0.0,0.0,0.5041,0.0,0.0,0.0,2.0164,1
1517688792977201726,1538,1517688792976440906,/gps,1,1,21.3124783333,-157.889846667,15.7,0.5041,0.0,0.0,0.0,0.5041,0.0,0.0,0.0,2.0164,1
1517688793974460077,1539,1517688793973722934,/gps,1,1,21.3124816667,-157.889848333,15.6,0.5041,0.0,0.0,0.0,0.5041,0.0,0.0,0.0,2.0164,1
1517688794966168108,1540,1517688794965842962,/gps,1,1,21.3124833333,-157.889851667,15.6,0.5041,0.0,0.0,0.0,0.5041,0.0,0.0,0.0,2.0164,1
1517688795956500265,1541,1517688795956145048,/gps,1,1,21.312485,-157.889853333,15.7,0.5041,0.0,0.0,0.0,0.5041,0.0,0.0,0.0,2.0164,1
1517688796972446619,1542,1517688796971606016,/gps,1,1,21.3124866667,-157.889855,15.8,0.5041,0.0,0.0,0.0,0.5041,0.0,0.0,0.0,2.0164,1
1517688797971976280,1543,1517688797971534967,/gps,1,1,21.3124883333,-157.889856667,15.8,0.5041,0.0,0.0,0.0,0.5041,0.0,0.0,0.0,2.0164,1
1517688798923175628,1544,1517688798922624111,/gps,1,1,21.31249,-157.889856667,15.8,0.5041,0.0,0.0,0.0,0.5041,0.0,0.0,0.0,2.0164,1
1517688799957160481,1545,1517688799956882953,/gps,1,1,21.3124916667,-157.889858333,15.8,0.5041,0.0,0.0,0.0,0.5041,0.0,0.0,0.0,2.0164,1
1517688800959294437,1546,1517688800958971023,/gps,1,1,21.312495,-157.88986,15.8,0.5041,0.0,0.0,0.0,0.5041,0.0,0.0,0.0,2.0164,1
1517688801980742337,1547,1517688801980417013,/gps,1,1,21.3124966667,-157.889861667,15.8,0.5041,0.0,0.0,0.0,0.5041,0.0,0.0,0.0,2.0164,1
1517688802934327985,1548,1517688802934072017,/gps,1,1,21.3124983333,-157.889861667,15.8,0.5041,0.0,0.0,0.0,0.5041,0.0,0.0,0.0,2.0164,1
1517688803992698464,1549,1517688803992422103,/gps,1,1,21.3125016667,-157.889863333,15.8,0.5041,0.0,0.0,0.0,0.5041,0.0,0.0,0.0,2.0164,1
1517688804968953548,1550,1517688804968303918,/gps,1,1,21.3125033333,-157.889865,15.7,0.5041,0.0,0.0,0.0,0.5041,0.0,0.0,0.0,2.0164,1
1517688805976447039,1551,1517688805976188898,/gps,1,1,21.3125033333,-157.889865,15.7,0.5041,0.0,0.0,0.0,0.5041,0.0,0.0,0.0,2.0164,1
1517688806916037896,1552,1517688806915710926,/gps,1,1,21.312505,-157.889865,15.7,0.5041,0.0,0.0,0.0,0.5041,0.0,0.0,0.0,2.0164,1
1517688807910334921,1553,1517688807910069942,/gps,1,1,21.3125066667,-157.889866667,15.7,0.5041,0.0,0.0,0.0,0.5041,0.0,0.0,0.0,2.0164,1
1517688808956987468,1554,1517688808956664085,/gps,1,1,21.3125066667,-157.889866667,15.7,0.5329,0.0,0.0,0.0,0.5329,0.0,0.0,0.0,2.1316,1
1517688809926285256,1555,1517688809926013946,/gps,1,1,21.3125066667,-157.889866667,15.8,0.5041,0.0,0.0,0.0,0.5041,0.0,0.0,0.0,2.0164,1
1517688810901217193,1556,1517688810900573015,/gps,1,1,21.3125066667,-157.889865,15.8,0.5041,0.0,0.0,0.0,0.5041,0.0,0.0,0.0,2.0164,1
1517688811954324992,1557,1517688811954039096,/gps,1,1,21.3125066667,-157.889865,15.8,0.5041,0.0,0.0,0.0,0.5041,0.0,0.0,0.0,2.0164,1
1517688812910149492,1558,1517688812909902095,/gps,1,1,21.3125066667,-157.889865,15.8,0.5041,0.0,0.0,0.0,0.5041,0.0,0.0,0.0,2.0164,1
1517688813977758269,1559,1517688813977102994,/gps,1,1,21.3125083333,-157.889863333,15.8,0.5041,0.0,0.0,0.0,0.5041,0.0,0.0,0.0,2.0164,1
1517688814924566223,1560,1517688814924315929,/gps,1,1,21.3125083333,-157.889863333,15.8,0.5041,0.0,0.0,0.0,0.5041,0.0,0.0,0.0,2.0164,1
1517688815982931857,1561,1517688815982590913,/gps,1,1,21.3125083333,-157.889861667,15.8,0.5041,0.0,0.0,0.0,0.5041,0.0,0.0,0.0,2.0164,1
1517688816956552874,1562,1517688816956020116,/gps,1,1,21.3125083333,-157.88986,15.8,0.5041,0.0,0.0,0.0,0.5041,0.0,0.0,0.0,2.0164,1
1517688817963816772,1563,1517688817963504076,/gps,1,1,21.3125083333,-157.88986,15.8,0.5776,0.0,0.0,0.0,0.5776,0.0,0.0,0.0,2.3104,1
1517688818956217954,1564,1517688818955893039,/gps,1,1,21.3125083333,-157.889858333,15.8,0.5041,0.0,0.0,0.0,0.5041,0.0,0.0,0.0,2.0164,1
1517688819916058511,1565,1517688819915324926,/gps,1,1,21.3125083333,-157.889856667,15.8,0.5041,0.0,0.0,0.0,0.5041,0.0,0.0,0.0,2.0164,1
1517688820922378638,1566,1517688820922082901,/gps,1,1,21.3125083333,-157.889855,15.8,0.5041,0.0,0.0,0.0,0.5041,0.0,0.0,0.0,2.0164,1
