%time,field.header.seq,field.header.stamp,field.header.frame_id,field.status.status,field.status.service,field.latitude,field.longitude,field.altitude,field.position_covariance0,field.position_covariance1,field.position_covariance2,field.position_covariance3,field.position_covariance4,field.position_covariance5,field.position_covariance6,field.position_covariance7,field.position_covariance8,field.position_covariance_type
1517688491968230082,1,1517688491967879056,/gps,1,1,21.3117266667,-157.889791667,11.6,0.5041,0.0,0.0,0.0,0.5041,0.0,0.0,0.0,2.0164,1
1517688492938504181,2,1517688492938313007,/gps,1,1,21.3117233333,-157.889786667,11.7,0.5041,0.0,0.0,0.0,0.5041,0.0,0.0,0.0,2.0164,1
1517688493974912815,3,1517688493974404096,/gps,1,1,21.3117216667,-157.889781667,11.7,0.5041,0.0,0.0,0.0,0.5041,0.0,0.0,0.0,2.0164,1
1517688494928845886,4,1517688494928659915,/gps,1,1,21.3117183333,-157.889776667,11.8,0.5041,0.0,0.0,0.0,0.5041,0.0,0.0,0.0,2.0164,1
1517688495994388546,5,1517688495994069099,/gps,1,1,21.311715,-157.889771667,11.8,0.5041,0.0,0.0,0.0,0.5041,0.0,0.0,0.0,2.0164,1
1517688496948181743,6,1517688496947705984,/gps,1,1,21.3117116667,-157.889768333,11.7,0.5041,0.0,0.0,0.0,0.5041,0.0,0.0,0.0,2.0164,1
1517688498011878348,7,1517688498011559009,/gps,1,1,21.31171,-157.889763333,11.7,0.5041,0.0,0.0,0.0,0.5041,0.0,0.0,0.0,2.0164,1
1517688499003493371,8,1517688499003202915,/gps,1,1,21.31171,-157.88976,11.7,0.5041,0.0,0.0,0.0,0.5041,0.0,0.0,0.0,2.0164,1
1517688500002343164,9,1517688500002085924,/gps,1,1,21.31171,-157.889755,11.8,0.5041,0.0,0.0,0.0,0.5041,0.0,0.0,0.0,2.0164,1
1517688500997714071,10,1517688500997504949,/gps,1,1,21.3117133333,-157.889751667,11.9,0.5041,0.0,0.0,0.0,0.5041,0.0,0.0,0.0,2.0164,1
1517688501932097515,11,1517688501931735038,/gps,1,1,21.3117183333,-157.889748333,12.1,0.5041,0.0,0.0,0.0,0.5041,0.0,0.0,0.0,2.0164,1
1517688502974324063,12,1517688502973947048,/gps,1,1,21.3117233333,-157.889746667,12.2,0.5041,0.0,0.0,0.0,0.5041,0.0,0.0,0.0,2.0164,1
1517688503967528009,13,1517688503967297077,/gps,1,1,21.3117266667,-157.889748333,12.3,0.5329,0.0,0.0,0.0,0.5329,0.0,0.0,0.0,2.1316,1
1517688504932026803,14,1517688504931835889,/gps,1,1,21.31173,-157.889751667,12.5,0.5041,0.0,0.0,0.0,0.5041,0.0,0.0,0.0,2.0164,1
1517688505901124162,15,1517688505900906085,/gps,1,1,21.3117316667,-157.889755,12.6,0.5041,0.0,0.0,0.0,0.5041,0.0,0.0,0.0,2.0164,1
1517688506905471032,16,1517688506905162096,/gps,1,1,21.3117316667,-157.889756667,12.5,0.5041,0.0,0.0,0.0,0.5041,0.0,0.0,0.0,2.0164,1
1517688507933133882,17,1517688507932946920,/gps,1,1,21.3117333333,-157.889756667,12.5,0.5625,0.0,0.0,0.0,0.5625,0.0,0.0,0.0,2.25,1
1517688508930979477,18,1517688508930047988,/gps,1,1,21.311735,-157.889756667,12.5,0.5041,0.0,0.0,0.0,0.5041,0.0,0.0,0.0,2.0164,1
1517688509954770549,19,1517688509954582929,/gps,1,1,21.3117366667,-157.889758333,12.5,0.5041,0.0,0.0,0.0,0.5041,0.0,0.0,0.0,2.0164,1
1517688510889737765,20,1517688510889466047,/gps,1,1,21.311735,-157.88976,12.5,0.5041,0.0,0.0,0.0,0.5041,0.0,0.0,0.0,2.0164,1
1517688511942994792,21,1517688511942734956,/gps,1,1,21.3117316667,-157.88976,12.5,0.5041,0.0,0.0,0.0,0.5041,0.0,0.0,0.0,2.0164,1
1517688512904223424,22,1517688512903980970,/gps,1,1,21.3117283333,-157.889761667,12.4,0.5041,0.0,0.0,0.0,0.5041,0.0,0.0,0.0,2.0164,1
1517688513912023805,23,1517688513911737918,/gps,1,1,21.3117266667,-157.889763333,12.4,0.5041,0.0,0.0,0.0,0.5041,0.0,0.0,0.0,2.0164,1
1517688514943830303,24,1517688514943556070,/gps,1,1,21.3117266667,-157.889766667,12.3,0.5041,0.0,0.0,0.0,0.5041,0.0,0.0,0.0,2.0164,1
1517688515964995118,25,1517688515964788913,/gps,1,1,21.3117283333,-157.889771667,12.2,0.5041,0.0,0.0,0.0,0.5041,0.0,0.0,0.0,2.0164,1
1517688516997241758,26,1517688516997037887,/gps,1,1,21.3117316667,-157.889775,12.1,0.5625,0.0,0.0,0.0,0.5625,0.0,0.0,0.0,2.25,1
1517688517984664485,27,1517688517984431982,/gps,1,1,21.311735,-157.889781667,12.1,0.5625,0.0,0.0,0.0,0.5625,0.0,0.0,0.0,2.25,1
1517688519000863514,28,1517688519000648021,/gps,1,1,21.31174,-157.889788333,12.0,0.5041,0.0,0.0,0.0,0.5041,0.0,0.0,0.0,2.0164,1
1517688519997262339,29,1517688519997098922,/gps,1,1,21.3117433333,-157.889795,12.0,0.5041,0.0,0.0,0.0,0.5041,0.0,0.0,0.0,2.0164,1
1517688520941661222,30,1517688520941477060,/gps,1,1,21.3117466667,-157.889801667,12.0,0.5041,0.0,0.0,0.0,0.5041,0.0,0.0,0.0,2.0164,1
1517688522013992945,31,1517688522013803958,/gps,1,1,21.3117483333,-157.889806667,11.9,0.5041,0.0,0.0,0.0,0.5041,0.0,0.0,0.0,2.0164,1
1517688522928661224,32,1517688522928409099,/gps,1,1,21.3117466667,-157.88981,11.8,0.5041,0.0,0.0,0.0,0.5041,0.0,0.0,0.0,2.0164,1
1517688523965228460,33,1517688523964838981,/gps,1,1,21.311745,-157.889811667,11.7,0.5041,0.0,0.0,0.0,0.5041,0.0,0.0,0.0,2.0164,1
1517688524971263882,34,1517688524970899105,/gps,1,1,21.3117433333,-157.889811667,11.7,0.5041,0.0,0.0,0.0,0.5041,0.0,0.0,0.0,2.0164,1
1517688525949406507,35,1517688525949204921,/gps,1,1,21.3117416667,-157.889808333,11.7,0.5041,0.0,0.0,0.0,0.5041,0.0,0.0,0.0,2.0164,1
1517688526905956394,36,1517688526905644893,/gps,1,1,21.3117416667,-157.889805,11.7,0.5041,0.0,0.0,0.0,0.5041,0.0,0.0,0.0,2.0164,1
1517688527930353447,37,1517688527929941892,/gps,1,1,21.31174,-157.8898,11.7,0.5041,0.0,0.0,0.0,0.5041,0.0,0.0,0.0,2.0164,1
1517688528944498783,38,1517688528944129943,/gps,1,1,21.3117416667,-157.889796667,11.7,0.5041,0.0,0.0,0.0,0.5041,0.0,0.0,0.0,2.0164,1
1517688529920817183,39,1517688529920494079,/gps,1,1,21.3117433333,-157.889793333,11.8,0.5041,0.0,0.0,0.0,0.5041,0.0,0.0,0.0,2.0164,1
1517688530935518931,40,1517688530935225009,/gps,1,1,21.311745,-157.889791667,11.9,0.5041,0.0,0.0,0.0,0.5041,0.0,0.0,0.0,2.0164,1
1517688531891024466,41,1517688531890779018,/gps,1,1,21.3117466667,-157.88979,11.9,0.5041,0.0,0.0,0.0,0.5041,0.0,0.0,0.0,2.0164,1
1517688532938497234,42,1517688532938244104,/gps,1,1,21.3117483333,-157.889788333,12.0,0.5041,0.0,0.0,0.0,0.5041,0.0,0.0,0.0,2.0164,1
1517688533894464366,43,1517688533894222974,/gps,1,1,21.31175,-157.889786667,12.0,0.5041,0.0,0.0,0.0,0.5041,0.0,0.0,0.0,2.0164,1
1517688534942919164,44,1517688534942665100,/gps,1,1,21.3117533333,-157.889786667,11.9,0.5041,0.0,0.0,0.0,0.5041,0.0,0.0,0.0,2.0164,1
1517688535958088227,45,1517688535957901000,/gps,1,1,21.311755,-157.889785,12.0,0.5041,0.0,0.0,0.0,0.5041,0.0,0.0,0.0,2.0164,1
1517688536890651432,46,1517688536890451908,/gps,1,1,21.3117583333,-157.889785,12.0,0.5329,0.0,0.0,0.0,0.5329,0.0,0.0,0.0,2.1316,1
1517688537935780927,47,1517688537935429096,/gps,1,1,21.31176,-157.889785,11.9,0.5329,0.0,0.0,0.0,0.5329,0.0,0.0,0.0,2.1316,1
1517688538935998336,48,1517688538935776948,/gps,1,1,21.3117633333,-157.889783333,11.9,0.5329,0.0,0.0,0.0,0.5329,0.0,0.0,0.0,2.1316,1
1517688539969373962,49,1517688539969074964,/gps,1,1,21.311765,-157.889783333,11.8,0.5329,0.0,0.0,0.0,0.5329,0.0,0.0,0.0,2.1316,1
1517688540959014170,50,1517688540958813905,/gps,1,1,21.3117683333,-157.889783333,11.7,0.5329,0.0,0.0,0.0,0.5329,0.0,0.0,0.0,2.1316,1
1517688541980295532,51,1517688541980036020,/gps,1,1,21.31177,-157.889783333,11.7,0.5329,0.0,0.0,0.0,0.5329,0.0,0.0,0.0,2.1316,1
1517688542942312700,52,1517688542942123889,/gps,1,1,21.3117733333,-157.889783333,11.6,0.5329,0.0,0.0,0.0,0.5329,0.0,0.0,0.0,2.1316,1
1517688543896768627,53,1517688543896383047,/gps,1,1,21.311775,-157.889783333,11.7,0.5329,0.0,0.0,0.0,0.5329,0.0,0.0,0.0,2.1316,1
1517688544891218058,54,1517688544890800952,/gps,1,1,21.3117783333,-157.889783333,11.7,0.5329,0.0,0.0,0.0,0.5329,0.0,0.0,0.0,2.1316,1
1517688545966570688,55,1517688545966073036,/gps,1,1,21.3117816667,-157.889781667,11.6,0.5329,0.0,0.0,0.0,0.5329,0.0,0.0,0.0,2.1316,1
1517688546919868432,56,1517688546919265985,/gps,1,1,21.311785,-157.889781667,11.7,0.5329,0.0,0.0,0.0,0.5329,0.0,0.0,0.0,2.1316,1
1517688547961170680,57,1517688547960846900,/gps,1,1,21.3117866667,-157.889781667,11.6,0.5329,0.0,0.0,0.0,0.5329,0.0,0.0,0.0,2.1316,1
1517688548947413114,58,1517688548947072982,/gps,1,1,21.31179,-157.889781667,11.5,0.5329,0.0,0.0,0.0,0.5329,0.0,0.0,0.0,2.1316,1
1517688549948380549,59,1517688549948205947,/gps,1,1,21.3117933333,-157.889781667,11.5,0.5329,0.0,0.0,0.0,0.5329,0.0,0.0,0.0,2.1316,1
1517688550946546693,60,1517688550946367025,/gps,1,1,21.3117966667,-157.889781667,11.4,0.5329,0.0,0.0,0.0,0.5329,0.0,0.0,0.0,2.1316,1
1517688552014542891,61,1517688552013523101,/gps,1,1,21.3118,-157.889781667,11.3,0.5329,0.0,0.0,0.0,0.5329,0.0,0.0,0.0,2.1316,1
1517688552904097316,62,1517688552903863906,/gps,1,1,21.3118033333,-157.889781667,11.2,0.5329,0.0,0.0,0.0,0.5329,0.0,0.0,0.0,2.1316,1
1517688553984752133,63,1517688553984575033,/gps,1,1,21.3118066667,-157.889781667,11.1,0.5329,0.0,0.0,0.0,0.5329,0.0,0.0,0.0,2.1316,1
1517688554907642750,64,1517688554907442092,/gps,1,1,21.3118083333,-157.889781667,11.0,0.5329,0.0,0.0,0.0,0.5329,0.0,0.0,0.0,2.1316,1
1517688555912200128,65,1517688555911813020,/gps,1,1,21.3118116667,-157.889783333,11.0,0.5329,0.0,0.0,0.0,0.5329,0.0,0.0,0.0,2.1316,1
1517688556948319017,66,1517688556948141098,/gps,1,1,21.311815,-157.889783333,11.1,0.5329,0.0,0.0,0.0,0.5329,0.0,0.0,0.0,2.1316,1
1517688557922796988,67,1517688557922480106,/gps,1,1,21.3118183333,-157.889783333,11.0,0.5329,0.0,0.0,0.0,0.5329,0.0,0.0,0.0,2.1316,1
1517688558952165353,68,1517688558951864004,/gps,1,1,21.3118233333,-157.889783333,11.0,0.5329,0.0,0.0,0.0,0.5329,0.0,0.0,0.0,2.1316,1
1517688559933515570,69,1517688559933315992,/gps,1,1,21.311825,-157.889781667,11.0,0.5329,0.0,0.0,0.0,0.5329,0.0,0.0,0.0,2.1316,1
1517688560954765065,70,1517688560954541921,/gps,1,1,21.3118283333,-157.889783333,11.0,0.5329,0.0,0.0,0.0,0.5329,0.0,0.0,0.0,2.1316,1
1517688561940087816,71,1517688561939908027,/gps,1,1,21.3118316667,-157.889783333,11.0,0.5329,0.0,0.0,0.0,0.5329,0.0,0.0,0.0,2.1316,1
1517688562953280098,72,1517688562953098058,/gps,1,1,21.311835,-157.889783333,10.9,0.5329,0.0,0.0,0.0,0.5329,0.0,0.0,0.0,2.1316,1
1517688563964807161,73,1517688563964509963,/gps,1,1,21.3118383333,-157.889783333,10.8,0.5329,0.0,0.0,0.0,0.5329,0.0,0.0,0.0,2.1316,1
1517688564939096189,74,1517688564938726902,/gps,1,1,21.3118416667,-157.889783333,10.8,0.5329,0.0,0.0,0.0,0.5329,0.0,0.0,0.0,2.1316,1
1517688565887534034,75,1517688565887274980,/gps,1,1,21.311845,-157.889783333,10.8,0.5329,0.0,0.0,0.0,0.5329,0.0,0.0,0.0,2.1316,1
1517688566943488737,76,1517688566943286895,/gps,1,1,21.3118483333,-157.889783333,10.8,0.5329,0.0,0.0,0.0,0.5329,0.0,0.0,0.0,2.1316,1
1517688567904842693,77,1517688567904633045,/gps,1,1,21.3118516667,-157.889783333,10.7,0.5329,0.0,0.0,0.0,0.5329,0.0,0.0,0.0,2.1316,1
1517688568958039143,78,1517688568957840919,/gps,1,1,21.311855,-157.889783333,10.8,0.5329,0.0,0.0,0.0,0.5329,0.0,0.0,0.0,2.1316,1
1517688570002501806,79,1517688570002191066,/gps,1,1,21.3118583333,-157.889783333,10.7,0.5329,0.0,0.0,0.0,0.5329,0.0,0.0,0.0,2.1316,1
1517688570988175906,80,1517688570987900018,/gps,1,1,21.3118616667,-157.889783333,10.6,0.5329,0.0,0.0,0.0,0.5329,0.0,0.0,0.0,2.1316,1
1517688571935258367,81,1517688571934889078,/gps,1,1,21.311865,-157.889783333,10.6,0.5329,0.0,0.0,0.0,0.5329,0.0,0.0,0.0,2.1316,1
1517688572956640402,82,1517688572956365108,/gps,1,1,21.3118683333,-157.889785,10.5,0.5329,0.0,0.0,0.0,0.5329,0.0,0.0,0.0,2.1316,1
1517688573924984332,83,1517688573924777030,/gps,1,1,21.3118716667,-157.889785,10.5,0.5329,0.0,0.0,0.0,0.5329,0.0,0.0,0.0,2.1316,1
1517688574989121276,84,1517688574988866090,/gps,1,1,21.311875,-157.889785,10.4,0.5329,0.0,0.0,0.0,0.5329,0.0,0.0,0.0,2.1316,1
1517688575901407772,85,1517688575901149034,/gps,1,1,21.3118783333,-157.889785,10.3,0.5329,0.0,0.0,0.0,0.5329,0.0,0.0,0.0,2.1316,1
1517688576920807154,86,1517688576920396089,/gps,1,1,21.3118833333,-157.889786667,10.3,0.5329,0.0,0.0,0.0,0.5329,0.0,0.0,0.0,2.1316,1
1517688577961731862,87,1517688577960680961,/gps,1,1,21.3118866667,-157.889786667,10.3,0.5329,0.0,0.0,0.0,0.5329,0.0,0.0,0.0,2.1316,1
1517688578904050650,88,1517688578903841972,/gps,1,1,21.31189,-157.889786667,10.2,0.5329,0.0,0.0,0.0,0.5329,0.0,0.0,0.0,2.1316,1
1517688579936343833,89,1517688579936150074,/gps,1,1,21.3118933333,-157.889786667,10.2,0.5329,0.0,0.0,0.0,0.5329,0.0,0.0,0.0,2.1316,1
1517688580936635175,90,1517688580936382055,/gps,1,1,21.3118966667,-157.889786667,10.2,0.5329,0.0,0.0,0.0,0.5329,0.0,0.0,0.0,2.1316,1
1517688581928223482,91,1517688581927979946,/gps,1,1,21.3119,-157.889786667,10.3,0.5329,0.0,0.0,0.0,0.5329,0.0,0.0,0.0,2.1316,1
1517688582940760556,92,1517688582940198898,/gps,1,1,21.3119033333,-157.889786667,10.3,0.5329,0.0,0.0,0.0,0.5329,0.0,0.0,0.0,2.1316,1
1517688583959549531,93,1517688583957814931,/gps,1,1,21.3119066667,-157.889786667,10.2,0.5329,0.0,0.0,0.0,0.5329,0.0,0.0,0.0,2.1316,1
1517688584941968831,94,1517688584941684961,/gps,1,1,21.31191,-157.889788333,10.2,0.5329,0.0,0.0,0.0,0.5329,0.0,0.0,0.0,2.1316,1
1517688585954197875,95,1517688585954015970,/gps,1,1,21.3119133333,-157.889788333,10.1,0.5329,0.0,0.0,0.0,0.5329,0.0,0.0,0.0,2.1316,1
1517688586930485667,96,1517688586930171966,/gps,1,1,21.3119166667,-157.889788333,10.0,0.5329,0.0,0.0,0.0,0.5329,0.0,0.0,0.0,2.1316,1
1517688587958608864,97,1517688587958339929,/gps,1,1,21.31192,-157.889788333,9.9,0.5329,0.0,0.0,0.0,0.5329,0.0,0.0,0.0,2.1316,1
1517688588903983602,98,1517688588903742074,/gps,1,1,21.3119216667,-157.88979,9.9,0.5329,0.0,0.0,0.0,0.5329,0.0,0.0,0.0,2.1316,1
1517688589954243978,99,1517688589953994989,/gps,1,1,21.311925,-157.88979,9.9,0.5329,0.0,0.0,0.0,0.5329,0.0,0.0,0.0,2.1316,1
1517688590979191666,100,1517688590978986024,/gps,1,1,21.31193,-157.88979,9.9,0.5329,0.0,0.0,0.0,0.5329,0.0,0.0,0.0,2.1316,1
1517688592003038034,101,1517688592002788066,/gps,1,1,21.3119333333,-157.88979,9.9,0.5329,0.0,0.0,0.0,0.5329,0.0,0.0,0.0,2.1316,1
1517688592994339678,102,1517688592993988990,/gps,1,1,21.3119383333,-157.889791667,9.9,0.5329,0.0,0.0,0.0,0.5329,0.0,0.0,0.0,2.1316,1
1517688593983598529,103,1517688593983249902,/gps,1,1,21.3119416667,-157.889791667,9.8,0.5329,0.0,0.0,0.0,0.5329,0.0,0.0,0.0,2.1316,1
1517688594951959093,104,1517688594951633930,/gps,1,1,21.311945,-157.889791667,9.8,0.5329,0.0,0.0,0.0,0.5329,0.0,0.0,0.0,2.1316,1
1517688595977325889,105,1517688595977010011,/gps,1,1,21.3119483333,-157.889793333,9.8,0.5329,0.0,0.0,0.0,0.5329,0.0,0.0,0.0,2.1316,1
1517688596935478246,106,1517688596935269117,/gps,1,1,21.3119516667,-157.889793333,9.7,0.5329,0.0,0.0,0.0,0.5329,0.0,0.0,0.0,2.1316,1
1517688597944643358,107,1517688597944400072,/gps,1,1,21.3119566667,-157.889795,9.6,0.5329,0.0,0.0,0.0,0.5329,0.0,0.0,0.0,2.1316,1
1517688598995857502,108,1517688598995645999,/gps,1,1,21.31196,-157.889795,9.5,0.5329,0.0,0.0,0.0,0.5329,0.0,0.0,0.0,2.1316,1
1517688599950965901,109,1517688599950711011,/gps,1,1,21.3119633333,-157.889795,9.4,0.5329,0.0,0.0,0.0,0.5329,0.0,0.0,0.0,2.1316,1
1517688600984520476,110,1517688600984281063,/gps,1,1,21.3119666667,-157.889796667,9.3,0.5329,0.0,0.0,0.0,0.5329,0.0,0.0,0.0,2.1316,1
1517688601983700166,111,1517688601983335018,/gps,1,1,21.31197,-157.889796667,9.3,0.5329,0.0,0.0,0.0,0.5329,0.0,0.0,0.0,2.1316,1
1517688602932060667,112,1517688602931862115,/gps,1,1,21.311975,-157.889796667,9.2,0.5329,0.0,0.0,0.0,0.5329,0.0,0.0,0.0,2.1316,1
1517688603974493059,113,1517688603974308013,/gps,1,1,21.3119783333,-157.889798333,9.2,0.5329,0.0,0.0,0.0,0.5329,0.0,0.0,0.0,2.1316,1
1517688604990724931,114,1517688604990494012,/gps,1,1,21.3119816667,-157.889798333,9.1,0.5329,0.0,0.0,0.0,0.5329,0.0,0.0,0.0,2.1316,1
1517688605999591294,115,1517688605999155998,/gps,1,1,21.311985,-157.8898,9.1,0.5041,0.0,0.0,0.0,0.5041,0.0,0.0,0.0,2.0164,1
1517688606953400673,116,1517688606952816963,/gps,1,1,21.3119883333,-157.889801667,9.0,0.5041,0.0,0.0,0.0,0.5041,0.0,0.0,0.0,2.0164,1
1517688607994658931,117,1517688607994209051,/gps,1,1,21.31199,-157.889801667,8.9,0.5041,0.0,0.0,0.0,0.5041,0.0,0.0,0.0,2.0164,1
1517688608920818143,118,1517688608920417070,/gps,1,1,21.3119933333,-157.889801667,8.9,0.5041,0.0,0.0,0.0,0.5041,0.0,0.0,0.0,2.0164,1
1517688609939906198,119,1517688609935705900,/gps,1,1,21.3119966667,-157.889803333,8.8,0.5041,0.0,0.0,0.0,0.5041,0.0,0.0,0.0,2.0164,1
1517688610923247375,120,1517688610923070907,/gps,1,1,21.3119983333,-157.889805,8.8,0.5041,0.0,0.0,0.0,0.5041,0.0,0.0,0.0,2.0164,1
1517688612008587673,121,1517688612008299112,/gps,1,1,21.3119983333,-157.889806667,8.8,0.5041,0.0,0.0,0.0,0.5041,0.0,0.0,0.0,2.0164,1
1517688612937926061,122,1517688612937675952,/gps,1,1,21.3119983333,-157.889808333,8.8,0.5041,0.0,0.0,0.0,0.5041,0.0,0.0,0.0,2.0164,1
1517688613894230627,123,1517688613893872022,/gps,1,1,21.3119983333,-157.889811667,8.9,0.5041,0.0,0.0,0.0,0.5041,0.0,0.0,0.0,2.0164,1
1517688615976532448,125,1517688615976341962,/gps,1,1,21.311995,-157.889816667,9.0,0.5041,0.0,0.0,0.0,0.5041,0.0,0.0,0.0,2.0164,1
1517688616981757729,126,1517688616981514930,/gps,1,1,21.3119916667,-157.889818333,9.2,0.5041,0.0,0.0,0.0,0.5041,0.0,0.0,0.0,2.0164,1
1517688617945169664,127,1517688617944890022,/gps,1,1,21.31199,-157.88982,9.5,0.5041,0.0,0.0,0.0,0.5041,0.0,0.0,0.0,2.0164,1
1517688618904237688,128,1517688618904047966,/gps,1,1,21.3119866667,-157.88982,9.7,0.5041,0.0,0.0,0.0,0.5041,0.0,0.0,0.0,2.0164,1
1517688619957727691,129,1517688619957479953,/gps,1,1,21.3119833333,-157.889821667,9.7,0.5041,0.0,0.0,0.0,0.5041,0.0,0.0,0.0,2.0164,1
1517688620885920533,130,1517688620885751008,/gps,1,1,21.31198,-157.889821667,9.7,0.5041,0.0,0.0,0.0,0.5041,0.0,0.0,0.0,2.0164,1
1517688621964308990,131,1517688621964102029,/gps,1,1,21.3119783333,-157.889821667,9.8,0.5041,0.0,0.0,0.0,0.5041,0.0,0.0,0.0,2.0164,1
1517688622948537875,132,1517688622948261976,/gps,1,1,21.3119766667,-157.889821667,9.9,0.5041,0.0,0.0,0.0,0.5041,0.0,0.0,0.0,2.0164,1
1517688623953674322,133,1517688623953490018,/gps,1,1,21.311975,-157.889821667,9.9,0.5041,0.0,0.0,0.0,0.5041,0.0,0.0,0.0,2.0164,1
1517688624972927988,134,1517688624972738981,/gps,1,1,21.311975,-157.889821667,9.9,0.5041,0.0,0.0,0.0,0.5041,0.0,0.0,0.0,2.0164,1
1517688625970459041,135,1517688625970127105,/gps,1,1,21.311975,-157.889821667,9.8,0.5041,0.0,0.0,0.0,0.5041,0.0,0.0,0.0,2.0164,1
1517688626954678747,136,1517688626954437971,/gps,1,1,21.3119733333,-157.88982,9.8,0.5041,0.0,0.0,0.0,0.5041,0.0,0.0,0.0,2.0164,1
1517688627934287396,137,1517688627934060096,/gps,1,1,21.3119733333,-157.889816667,9.8,0.5041,0.0,0.0,0.0,0.5041,0.0,0.0,0.0,2.0164,1
1517688628982386910,138,1517688628981858968,/gps,1,1,21.3119733333,-157.889813333,9.8,0.5041,0.0,0.0,0.0,0.5041,0.0,0.0,0.0,2.0164,1
1517688629954392006,139,1517688629954210996,/gps,1,1,21.3119716667,-157.889811667,9.9,0.5041,0.0,0.0,0.0,0.5041,0.0,0.0,0.0,2.0164,1
1517688630901784558,140,1517688630901371002,/gps,1,1,21.3119716667,-157.889808333,9.9,0.5041,0.0,0.0,0.0,0.5041,0.0,0.0,0.0,2.0164,1
1517688631890588944,141,1517688631890026092,/gps,1,1,21.3119716667,-157.889806667,10.1,0.5329,0.0,0.0,0.0,0.5329,0.0,0.0,0.0,2.1316,1
1517688632948089377,142,1517688632947913885,/gps,1,1,21.3119733333,-157.889803333,10.0,0.5041,0.0,0.0,0.0,0.5041,0.0,0.0,0.0,2.0164,1
1517688633959700521,143,1517688633959507942,/gps,1,1,21.311975,-157.889803333,10.0,0.5041,0.0,0.0,0.0,0.5041,0.0,0.0,0.0,2.0164,1
1517688634897678446,144,1517688634897425889,/gps,1,1,21.3119783333,-157.889801667,10.0,0.5041,0.0,0.0,0.0,0.5041,0.0,0.0,0.0,2.0164,1
1517688635922618542,145,1517688635921978950,/gps,1,1,21.31198,-157.889801667,10.0,0.5041,0.0,0.0,0.0,0.5041,0.0,0.0,0.0,2.0164,1
1517688636913588420,146,1517688636913264989,/gps,1,1,21.3119833333,-157.8898,9.9,0.5929,0.0,0.0,0.0,0.5929,0.0,0.0,0.0,2.3716,1
1517688637941830992,147,1517688637940656900,/gps,1,1,21.3119866667,-157.8898,10.0,0.5329,0.0,0.0,0.0,0.5329,0.0,0.0,0.0,2.1316,1
1517688638941054064,148,1517688638940733909,/gps,1,1,21.3119883333,-157.889801667,10.0,0.5329,0.0,0.0,0.0,0.5329,0.0,0.0,0.0,2.1316,1
1517688639945465649,149,1517688639945219039,/gps,1,1,21.3119933333,-157.889801667,9.9,0.5041,0.0,0.0,0.0,0.5041,0.0,0.0,0.0,2.0164,1
1517688640919179608,150,1517688640918986082,/gps,1,1,21.3119966667,-157.889803333,9.9,0.5041,0.0,0.0,0.0,0.5041,0.0,0.0,0.0,2.0164,1
1517688641975196257,151,1517688641974838018,/gps,1,1,21.312,-157.889805,9.9,0.5041,0.0,0.0,0.0,0.5041,0.0,0.0,0.0,2.0164,1
1517688642899122288,152,1517688642898818016,/gps,1,1,21.3120016667,-157.889808333,10.0,0.5041,0.0,0.0,0.0,0.5041,0.0,0.0,0.0,2.0164,1
1517688643936753592,153,1517688643936422109,/gps,1,1,21.312005,-157.88981,10.0,0.5041,0.0,0.0,0.0,0.5041,0.0,0.0,0.0,2.0164,1
1517688644940024133,154,1517688644939721107,/gps,1,1,21.3120083333,-157.889813333,10.0,0.5041,0.0,0.0,0.0,0.5041,0.0,0.0,0.0,2.0164,1
1517688645895425199,155,1517688645895055055,/gps,1,1,21.31201,-157.889816667,10.0,0.5041,0.0,0.0,0.0,0.5041,0.0,0.0,0.0,2.0164,1
1517688646947651069,156,1517688646947391033,/gps,1,1,21.3120133333,-157.88982,10.0,0.5041,0.0,0.0,0.0,0.5041,0.0,0.0,0.0,2.0164,1
1517688647946718483,157,1517688647946523904,/gps,1,1,21.3120166667,-157.889823333,10.0,0.5041,0.0,0.0,0.0,0.5041,0.0,0.0,0.0,2.0164,1
1517688648954558022,158,1517688648953895092,/gps,1,1,21.3120183333,-157.889826667,10.0,0.5041,0.0,0.0,0.0,0.5041,0.0,0.0,0.0,2.0164,1
1517688649941872433,159,1517688649941692113,/gps,1,1,21.31202,-157.889828333,10.0,0.5041,0.0,0.0,0.0,0.5041,0.0,0.0,0.0,2.0164,1
1517688650950818133,160,1517688650950635910,/gps,1,1,21.3120233333,-157.889831667,10.0,0.5329,0.0,0.0,0.0,0.5329,0.0,0.0,0.0,2.1316,1
1517688651890197780,161,1517688651889993906,/gps,1,1,21.3120266667,-157.889833333,10.0,0.5041,0.0,0.0,0.0,0.5041,0.0,0.0,0.0,2.0164,1
1517688652899837538,162,1517688652894336938,/gps,1,1,21.31203,-157.889835,10.0,0.5041,0.0,0.0,0.0,0.5041,0.0,0.0,0.0,2.0164,1
1517688653983953111,163,1517688653983648061,/gps,1,1,21.3120333333,-157.889838333,10.0,0.5041,0.0,0.0,0.0,0.5041,0.0,0.0,0.0,2.0164,1
1517688654996453707,164,1517688654996000051,/gps,1,1,21.3120366667,-157.88984,10.2,0.5041,0.0,0.0,0.0,0.5041,0.0,0.0,0.0,2.0164,1
1517688655926697915,165,1517688655926400899,/gps,1,1,21.31204,-157.889841667,10.4,0.5041,0.0,0.0,0.0,0.5041,0.0,0.0,0.0,2.0164,1
1517688656953772035,166,1517688656952641010,/gps,1,1,21.3120433333,-157.889845,10.6,0.5041,0.0,0.0,0.0,0.5041,0.0,0.0,0.0,2.0164,1
1517688657949175551,167,1517688657948844909,/gps,1,1,21.3120466667,-157.889846667,10.8,0.5041,0.0,0.0,0.0,0.5041,0.0,0.0,0.0,2.0164,1
1517688658979536270,168,1517688658979167938,/gps,1,1,21.31205,-157.889848333,11.0,0.5041,0.0,0.0,0.0,0.5041,0.0,0.0,0.0,2.0164,1
1517688660011840090,169,1517688660011301040,/gps,1,1,21.3120533333,-157.88985,11.2,0.5041,0.0,0.0,0.0,0.5041,0.0,0.0,0.0,2.0164,1
1517688660982139437,170,1517688660981733083,/gps,1,1,21.3120566667,-157.889851667,11.4,0.5041,0.0,0.0,0.0,0.5041,0.0,0.0,0.0,2.0164,1
1517688661953302842,171,1517688661953069925,/gps,1,1,21.31206,-157.889855,11.5,0.5041,0.0,0.0,0.0,0.5041,0.0,0.0,0.0,2.0164,1
1517688662998973884,172,1517688662998501062,/gps,1,1,21.3120633333,-157.889856667,11.5,0.5041,0.0,0.0,0.0,0.5041,0.0,0.0,0.0,2.0164,1
1517688663936327774,173,1517688663935820102,/gps,1,1,21.3120666667,-157.889858333,11.6,0.5041,0.0,0.0,0.0,0.5041,0.0,0.0,0.0,2.0164,1
1517688664935345711,174,1517688664935117006,/gps,1,1,21.31207,-157.88986,11.7,0.5041,0.0,0.0,0.0,0.5041,0.0,0.0,0.0,2.0164,1
1517688665991066086,175,1517688665990828990,/gps,1,1,21.3120733333,-157.889863333,11.9,0.5041,0.0,0.0,0.0,0.5041,0.0,0.0,0.0,2.0164,1
1517688666931865393,176,1517688666928848028,/gps,1,1,21.3120766667,-157.889865,12.0,0.5041,0.0,0.0,0.0,0.5041,0.0,0.0,0.0,2.0164,1
1517688667979270696,177,1517688667979059934,/gps,1,1,21.3120816667,-157.889866667,12.1,0.5041,0.0,0.0,0.0,0.5041,0.0,0.0,0.0,2.0164,1
1517688669000420762,178,1517688669000210046,/gps,1,1,21.312085,-157.889868333,12.2,0.5041,0.0,0.0,0.0,0.5041,0.0,0.0,0.0,2.0164,1
1517688669998934073,179,1517688669998716115,/gps,1,1,21.3120883333,-157.889868333,12.3,0.5041,0.0,0.0,0.0,0.5041,0.0,0.0,0.0,2.0164,1
1517688670999267922,180,1517688670998807907,/gps,1,1,21.3120933333,-157.88987,12.4,0.5041,0.0,0.0,0.0,0.5041,0.0,0.0,0.0,2.0164,1
1517688671963294496,181,1517688671963088035,/gps,1,1,21.3120966667,-157.889871667,12.5,0.5041,0.0,0.0,0.0,0.5041,0.0,0.0,0.0,2.0164,1
1517688672943682141,182,1517688672943490982,/gps,1,1,21.3121016667,-157.889873333,12.5,0.5329,0.0,0.0,0.0,0.5329,0.0,0.0,0.0,2.1316,1
1517688673943137506,183,1517688673942868947,/gps,1,1,21.3121066667,-157.889875,12.6,0.5329,0.0,0.0,0.0,0.5329,0.0,0.0,0.0,2.1316,1
1517688674942499909,184,1517688674942131996,/gps,1,1,21.31211,-157.889876667,12.7,0.5329,0.0,0.0,0.0,0.5329,0.0,0.0,0.0,2.1316,1
1517688675998543191,185,1517688675996710062,/gps,1,1,21.3121133333,-157.889878333,12.9,0.5329,0.0,0.0,0.0,0.5329,0.0,0.0,0.0,2.1316,1
1517688676981869798,186,1517688676981683015,/gps,1,1,21.3121183333,-157.889878333,13.0,0.5329,0.0,0.0,0.0,0.5329,0.0,0.0,0.0,2.1316,1
1517688677898213891,187,1517688677897988080,/gps,1,1,21.3121216667,-157.889878333,13.0,0.5329,0.0,0.0,0.0,0.5329,0.0,0.0,0.0,2.1316,1
1517688678923833504,188,1517688678921284914,/gps,1,1,21.312125,-157.889878333,12.9,0.5329,0.0,0.0,0.0,0.5329,0.0,0.0,0.0,2.1316,1
1517688679990829878,189,1517688679990477085,/gps,1,1,21.3121283333,-157.889876667,13.0,0.5329,0.0,0.0,0.0,0.5329,0.0,0.0,0.0,2.1316,1
1517688680996213197,190,1517688680995763063,/gps,1,1,21.3121316667,-157.889873333,13.0,0.5041,0.0,0.0,0.0,0.5041,0.0,0.0,0.0,2.0164,1
1517688681942365448,191,1517688681942086935,/gps,1,1,21.312135,-157.88987,12.9,0.5041,0.0,0.0,0.0,0.5041,0.0,0.0,0.0,2.0164,1
1517688682904880683,192,1517688682904550075,/gps,1,1,21.3121383333,-157.889866667,13.0,0.5041,0.0,0.0,0.0,0.5041,0.0,0.0,0.0,2.0164,1
1517688683967885389,193,1517688683967525959,/gps,1,1,21.3121433333,-157.889865,13.0,0.5041,0.0,0.0,0.0,0.5041,0.0,0.0,0.0,2.0164,1
1517688684903250726,194,1517688684902870893,/gps,1,1,21.3121466667,-157.889863333,13.0,0.5041,0.0,0.0,0.0,0.5041,0.0,0.0,0.0,2.0164,1
1517688685902612860,195,1517688685902153015,/gps,1,1,21.3121516667,-157.889861667,12.9,0.5041,0.0,0.0,0.0,0.5041,0.0,0.0,0.0,2.0164,1
1517688686959298395,196,1517688686958456993,/gps,1,1,21.312155,-157.88986,12.9,0.5041,0.0,0.0,0.0,0.5041,0.0,0.0,0.0,2.0164,1
1517688687891075601,197,1517688687890794038,/gps,1,1,21.3121583333,-157.88986,12.9,0.5041,0.0,0.0,0.0,0.5041,0.0,0.0,0.0,2.0164,1
1517688688941317062,198,1517688688941065073,/gps,1,1,21.3121633333,-157.889858333,12.8,0.5329,0.0,0.0,0.0,0.5329,0.0,0.0,0.0,2.1316,1
1517688689974700861,199,1517688689974355936,/gps,1,1,21.3121666667,-157.88986,12.8,0.5329,0.0,0.0,0.0,0.5329,0.0,0.0,0.0,2.1316,1
1517688690957891474,200,1517688690957549095,/gps,1,1,21.31217,-157.88986,12.8,0.5329,0.0,0.0,0.0,0.5329,0.0,0.0,0.0,2.1316,1
1517688691949207178,201,1517688691948988914,/gps,1,1,21.3121733333,-157.889861667,12.8,0.5329,0.0,0.0,0.0,0.5329,0.0,0.0,0.0,2.1316,1
1517688692944398561,202,1517688692944017887,/gps,1,1,21.3121783333,-157.889863333,12.8,0.5329,0.0,0.0,0.0,0.5329,0.0,0.0,0.0,2.1316,1
1517688693911820286,203,1517688693911284923,/gps,1,1,21.3121816667,-157.889865,12.8,0.5041,0.0,0.0,0.0,0.5041,0.0,0.0,0.0,2.0164,1
1517688694908959594,204,1517688694908669948,/gps,1,1,21.312185,-157.889866667,12.8,0.5041,0.0,0.0,0.0,0.5041,0.0,0.0,0.0,2.0164,1
1517688695990903825,205,1517688695990694046,/gps,1,1,21.3121883333,-157.88987,12.8,0.5041,0.0,0.0,0.0,0.5041,0.0,0.0,0.0,2.0164,1
1517688696899420323,206,1517688696899211883,/gps,1,1,21.3121916667,-157.889871667,12.7,0.5041,0.0,0.0,0.0,0.5041,0.0,0.0,0.0,2.0164,1
1517688697946750408,207,1517688697946563005,/gps,1,1,21.3121933333,-157.889875,12.8,0.5041,0.0,0.0,0.0,0.5041,0.0,0.0,0.0,2.0164,1
1517688698993089620,208,1517688698992899894,/gps,1,1,21.312195,-157.88988,12.7,0.5041,0.0,0.0,0.0,0.5041,0.0,0.0,0.0,2.0164,1
1517688699968713687,209,1517688699968374967,/gps,1,1,21.312195,-157.889883333,12.7,0.5041,0.0,0.0,0.0,0.5041,0.0,0.0,0.0,2.0164,1
1517688700934943633,210,1517688700934766054,/gps,1,1,21.312195,-157.889886667,12.8,0.5041,0.0,0.0,0.0,0.5041,0.0,0.0,0.0,2.0164,1
1517688701927293257,211,1517688701927110910,/gps,1,1,21.312195,-157.88989,12.8,0.5041,0.0,0.0,0.0,0.5041,0.0,0.0,0.0,2.0164,1
1517688702937597633,212,1517688702937328100,/gps,1,1,21.312195,-157.889893333,12.9,0.5041,0.0,0.0,0.0,0.5041,0.0,0.0,0.0,2.0164,1
1517688703909584568,213,1517688703909374952,/gps,1,1,21.312195,-157.889895,12.8,0.5041,0.0,0.0,0.0,0.5041,0.0,0.0,0.0,2.0164,1
1517688704934026784,214,1517688704933849096,/gps,1,1,21.312195,-157.889896667,12.8,0.5041,0.0,0.0,0.0,0.5041,0.0,0.0,0.0,2.0164,1
1517688705943495739,215,1517688705942969083,/gps,1,1,21.3121933333,-157.889896667,12.7,0.5329,0.0,0.0,0.0,0.5329,0.0,0.0,0.0,2.1316,1
1517688706947623105,216,1517688706947252988,/gps,1,1,21.31219,-157.889898333,12.7,0.5041,0.0,0.0,0.0,0.5041,0.0,0.0,0.0,2.0164,1
1517688708000813412,217,1517688708000459909,/gps,1,1,21.3121883333,-157.889898333,12.7,0.5041,0.0,0.0,0.0,0.5041,0.0,0.0,0.0,2.0164,1
1517688708885021775,218,1517688708884829044,/gps,1,1,21.3121866667,-157.889898333,12.7,0.5041,0.0,0.0,0.0,0.5041,0.0,0.0,0.0,2.0164,1
1517688709955519962,219,1517688709955096006,/gps,1,1,21.312185,-157.889898333,12.7,0.5041,0.0,0.0,0.0,0.5041,0.0,0.0,0.0,2.0164,1
1517688710940919742,220,1517688710940515041,/gps,1,1,21.3121833333,-157.889898333,12.7,0.5041,0.0,0.0,0.0,0.5041,0.0,0.0,0.0,2.0164,1
1517688711947941177,221,1517688711947438001,/gps,1,1,21.3121833333,-157.889898333,12.8,0.5041,0.0,0.0,0.0,0.5041,0.0,0.0,0.0,2.0164,1
1517688712943087235,222,1517688712942889928,/gps,1,1,21.312185,-157.889898333,12.8,0.5041,0.0,0.0,0.0,0.5041,0.0,0.0,0.0,2.0164,1
1517688713958885562,223,1517688713958482980,/gps,1,1,21.3121866667,-157.8899,12.8,0.5041,0.0,0.0,0.0,0.5041,0.0,0.0,0.0,2.0164,1
1517688714903422524,224,1517688714903234958,/gps,1,1,21.3121883333,-157.8899,12.8,0.5041,0.0,0.0,0.0,0.5041,0.0,0.0,0.0,2.0164,1
1517688715886018577,225,1517688715885739088,/gps,1,1,21.31219,-157.889901667,12.8,0.5041,0.0,0.0,0.0,0.5041,0.0,0.0,0.0,2.0164,1
1517688716892626016,226,1517688716892409086,/gps,1,1,21.3121933333,-157.889903333,12.8,0.5041,0.0,0.0,0.0,0.5041,0.0,0.0,0.0,2.0164,1
1517688717909029418,227,1517688717908428907,/gps,1,1,21.312195,-157.889905,12.8,0.5041,0.0,0.0,0.0,0.5041,0.0,0.0,0.0,2.0164,1
1517688718908088221,228,1517688718907757997,/gps,1,1,21.3122,-157.889908333,12.7,0.5041,0.0,0.0,0.0,0.5041,0.0,0.0,0.0,2.0164,1
1517688719959149383,229,1517688719958909988,/gps,1,1,21.3122033333,-157.88991,12.6,0.5329,0.0,0.0,0.0,0.5329,0.0,0.0,0.0,2.1316,1
1517688720891547802,230,1517688720891201972,/gps,1,1,21.3122066667,-157.889911667,12.6,0.5329,0.0,0.0,0.0,0.5329,0.0,0.0,0.0,2.1316,1
1517688721944565028,231,1517688721943914890,/gps,1,1,21.31221,-157.889913333,12.7,0.5329,0.0,0.0,0.0,0.5329,0.0,0.0,0.0,2.1316,1
1517688722887912433,232,1517688722887718915,/gps,1,1,21.3122116667,-157.889915,12.7,0.5329,0.0,0.0,0.0,0.5329,0.0,0.0,0.0,2.1316,1
1517688723937520764,233,1517688723937089920,/gps,1,1,21.312215,-157.889915,12.7,0.5329,0.0,0.0,0.0,0.5329,0.0,0.0,0.0,2.1316,1
1517688724886988612,234,1517688724886745929,/gps,1,1,21.3122166667,-157.889915,12.7,0.5041,0.0,0.0,0.0,0.5041,0.0,0.0,0.0,2.0164,1
1517688725967902222,235,1517688725967684030,/gps,1,1,21.3122166667,-157.889915,12.7,0.5041,0.0,0.0,0.0,0.5041,0.0,0.0,0.0,2.0164,1
1517688726955308474,236,1517688726955066919,/gps,1,1,21.3122166667,-157.889913333,12.7,0.5041,0.0,0.0,0.0,0.5041,0.0,0.0,0.0,2.0164,1
1517688727922889797,237,1517688727922698020,/gps,1,1,21.3122183333,-157.889908333,12.7,0.5041,0.0,0.0,0.0,0.5041,0.0,0.0,0.0,2.0164,1
1517688728951865818,238,1517688728951668024,/gps,1,1,21.31222,-157.889903333,12.7,0.5041,0.0,0.0,0.0,0.5041,0.0,0.0,0.0,2.0164,1
1517688729990043255,239,1517688729989784955,/gps,1,1,21.3122216667,-157.889896667,12.7,0.5041,0.0,0.0,0.0,0.5041,0.0,0.0,0.0,2.0164,1
1517688730965526318,240,1517688730965270042,/gps,1,1,21.312225,-157.88989,12.8,0.5041,0.0,0.0,0.0,0.5041,0.0,0.0,0.0,2.0164,1
1517688732002275708,241,1517688732001852989,/gps,1,1,21.3122283333,-157.889885,12.7,0.5041,0.0,0.0,0.0,0.5041,0.0,0.0,0.0,2.0164,1
1517688732923346689,242,1517688732922956943,/gps,1,1,21.3122333333,-157.88988,12.7,0.5041,0.0,0.0,0.0,0.5041,0.0,0.0,0.0,2.0164,1
1517688733971657113,243,1517688733971285104,/gps,1,1,21.3122366667,-157.889876667,12.6,0.5041,0.0,0.0,0.0,0.5041,0.0,0.0,0.0,2.0164,1
1517688734943016964,244,1517688734942723989,/gps,1,1,21.31224,-157.889873333,12.6,0.5041,0.0,0.0,0.0,0.5041,0.0,0.0,0.0,2.0164,1
1517688735940471600,245,1517688735940026998,/gps,1,1,21.3122433333,-157.889871667,12.6,0.5041,0.0,0.0,0.0,0.5041,0.0,0.0,0.0,2.0164,1
1517688736900613190,246,1517688736900409936,/gps,1,1,21.3122466667,-157.889868333,12.6,0.5041,0.0,0.0,0.0,0.5041,0.0,0.0,0.0,2.0164,1
1517688737915766284,247,1517688737915560960,/gps,1,1,21.3122516667,-157.889866667,12.6,0.5041,0.0,0.0,0.0,0.5041,0.0,0.0,0.0,2.0164,1
1517688738898459059,248,1517688738898142099,/gps,1,1,21.312255,-157.889865,12.6,0.5041,0.0,0.0,0.0,0.5041,0.0,0.0,0.0,2.0164,1
1517688739927725905,249,1517688739927289009,/gps,1,1,21.3122583333,-157.889863333,12.6,0.5041,0.0,0.0,0.0,0.5041,0.0,0.0,0.0,2.0164,1
1517688740994543832,250,1517688740994322061,/gps,1,1,21.3122616667,-157.889861667,12.6,0.5041,0.0,0.0,0.0,0.5041,0.0,0.0,0.0,2.0164,1
1517688741927042415,251,1517688741926629066,/gps,1,1,21.312265,-157.88986,12.6,0.5329,0.0,0.0,0.0,0.5329,0.0,0.0,0.0,2.1316,1
1517688742980547551,252,1517688742980108022,/gps,1,1,21.3122683333,-157.88986,12.7,0.5329,0.0,0.0,0.0,0.5329,0.0,0.0,0.0,2.1316,1
1517688743950936275,253,1517688743950510025,/gps,1,1,21.3122716667,-157.889858333,12.8,0.5329,0.0,0.0,0.0,0.5329,0.0,0.0,0.0,2.1316,1
1517688744978132263,254,1517688744977762937,/gps,1,1,21.3122766667,-157.889856667,12.8,0.5329,0.0,0.0,0.0,0.5329,0.0,0.0,0.0,2.1316,1
1517688745922241258,255,1517688745922058105,/gps,1,1,21.31228,-157.889855,12.8,0.5329,0.0,0.0,0.0,0.5329,0.0,0.0,0.0,2.1316,1
1517688746989409034,256,1517688746989175081,/gps,1,1,21.3122833333,-157.889855,12.8,0.5329,0.0,0.0,0.0,0.5329,0.0,0.0,0.0,2.1316,1
1517688747982733035,257,1517688747982454061,/gps,1,1,21.3122883333,-157.889853333,12.8,0.5329,0.0,0.0,0.0,0.5329,0.0,0.0,0.0,2.1316,1
1517688748892924003,258,1517688748892720937,/gps,1,1,21.3122916667,-157.889853333,12.9,0.5329,0.0,0.0,0.0,0.5329,0.0,0.0,0.0,2.1316,1
1517688749952150680,259,1517688749951910018,/gps,1,1,21.3122966667,-157.889851667,12.8,0.5329,0.0,0.0,0.0,0.5329,0.0,0.0,0.0,2.1316,1
1517688750935464090,260,1517688750935250997,/gps,1,1,21.3123,-157.889851667,12.9,0.5329,0.0,0.0,0.0,0.5329,0.0,0.0,0.0,2.1316,1
1517688751949881841,261,1517688751949568986,/gps,1,1,21.312305,-157.889851667,12.8,0.5329,0.0,0.0,0.0,0.5329,0.0,0.0,0.0,2.1316,1
1517688752956327827,262,1517688752955996036,/gps,1,1,21.3123083333,-157.88985,12.7,0.5329,0.0,0.0,0.0,0.5329,0.0,0.0,0.0,2.1316,1
1517688753905859245,263,1517688753905286073,/gps,1,1,21.3123133333,-157.88985,12.8,0.5329,0.0,0.0,0.0,0.5329,0.0,0.0,0.0,2.1316,1
1517688754960840976,264,1517688754960603952,/gps,1,1,21.3123166667,-157.88985,12.7,0.5329,0.0,0.0,0.0,0.5329,0.0,0.0,0.0,2.1316,1
1517688755952177672,265,1517688755951941967,/gps,1,1,21.3123216667,-157.88985,12.7,0.5329,0.0,0.0,0.0,0.5329,0.0,0.0,0.0,2.1316,1
1517688756948510704,266,1517688756948311090,/gps,1,1,21.312325,-157.88985,12.6,0.5329,0.0,0.0,0.0,0.5329,0.0,0.0,0.0,2.1316,1
1517688757894993010,267,1517688757894519090,/gps,1,1,21.31233,-157.889848333,12.6,0.5329,0.0,0.0,0.0,0.5329,0.0,0.0,0.0,2.1316,1
1517688758885372644,268,1517688758884929895,/gps,1,1,21.3123333333,-157.889848333,12.6,0.5329,0.0,0.0,0.0,0.5329,0.0,0.0,0.0,2.1316,1
1517688759888535311,269,1517688759888288021,/gps,1,1,21.3123383333,-157.889848333,12.6,0.5329,0.0,0.0,0.0,0.5329,0.0,0.0,0.0,2.1316,1
1517688760900859760,270,1517688760900629043,/gps,1,1,21.3123416667,-157.889848333,12.5,0.5329,0.0,0.0,0.0,0.5329,0.0,0.0,0.0,2.1316,1
1517688761943388493,271,1517688761943135023,/gps,1,1,21.312345,-157.889848333,12.5,0.5329,0.0,0.0,0.0,0.5329,0.0,0.0,0.0,2.1316,1
1517688762986270444,272,1517688762986071109,/gps,1,1,21.3123483333,-157.889848333,12.4,0.5329,0.0,0.0,0.0,0.5329,0.0,0.0,0.0,2.1316,1
1517688763939162717,273,1517688763938442945,/gps,1,1,21.3123516667,-157.88985,12.4,0.5329,0.0,0.0,0.0,0.5329,0.0,0.0,0.0,2.1316,1
1517688764909796664,274,1517688764909522056,/gps,1,1,21.3123566667,-157.88985,12.3,0.5329,0.0,0.0,0.0,0.5329,0.0,0.0,0.0,2.1316,1
1517688765973926357,275,1517688765973416090,/gps,1,1,21.31236,-157.889848333,12.3,0.5329,0.0,0.0,0.0,0.5329,0.0,0.0,0.0,2.1316,1
1517688766903612121,276,1517688766903372049,/gps,1,1,21.312365,-157.889848333,12.3,0.5329,0.0,0.0,0.0,0.5329,0.0,0.0,0.0,2.1316,1
1517688767963033831,277,1517688767962709903,/gps,1,1,21.31237,-157.889848333,12.3,0.5329,0.0,0.0,0.0,0.5329,0.0,0.0,0.0,2.1316,1
1517688768973290192,278,1517688768973069906,/gps,1,1,21.3123733333,-157.889848333,12.2,0.5329,0.0,0.0,0.0,0.5329,0.0,0.0,0.0,2.1316,1
1517688769887578784,279,1517688769887231111,/gps,1,1,21.3123783333,-157.889846667,12.1,0.5329,0.0,0.0,0.0,0.5329,0.0,0.0,0.0,2.1316,1
1517688770937832971,280,1517688770937510013,/gps,1,1,21.3123816667,-157.889846667,12.2,0.5329,0.0,0.0,0.0,0.5329,0.0,0.0,0.0,2.1316,1
1517688771984350133,281,1517688771983838081,/gps,1,1,21.3123866667,-157.889846667,12.2,0.5329,0.0,0.0,0.0,0.5329,0.0,0.0,0.0,2.1316,1
1517688772985564796,282,1517688772985142946,/gps,1,1,21.3123916667,-157.889845,12.2,0.5476,0.0,0.0,0.0,0.5476,0.0,0.0,0.0,2.1904,1
1517688774009654829,283,1517688774009341001,/gps,1,1,21.312395,-157.889845,12.3,0.5329,0.0,0.0,0.0,0.5329,0.0,0.0,0.0,2.1316,1
1517688774905650128,284,1517688774905231952,/gps,1,1,21.3124,-157.889843333,12.3,0.5329,0.0,0.0,0.0,0.5329,0.0,0.0,0.0,2.1316,1
1517688775937444103,285,1517688775936992883,/gps,1,1,21.3124033333,-157.889841667,12.3,0.5329,0.0,0.0,0.0,0.5329,0.0,0.0,0.0,2.1316,1
1517688776939626172,286,1517688776939428091,/gps,1,1,21.3124066667,-157.889841667,12.4,0.5329,0.0,0.0,0.0,0.5329,0.0,0.0,0.0,2.1316,1
1517688777936673472,287,1517688777936476945,/gps,1,1,21.31241,-157.88984,12.5,0.5329,0.0,0.0,0.0,0.5329,0.0,0.0,0.0,2.1316,1
1517688778892156106,288,1517688778891849040,/gps,1,1,21.3124133333,-157.88984,12.6,0.5329,0.0,0.0,0.0,0.5329,0.0,0.0,0.0,2.1316,1
1517688779925656472,289,1517688779925353050,/gps,1,1,21.3124166667,-157.88984,12.6,0.5329,0.0,0.0,0.0,0.5329,0.0,0.0,0.0,2.1316,1
1517688780897628514,290,1517688780897305965,/gps,1,1,21.31242,-157.889838333,12.6,0.5041,0.0,0.0,0.0,0.5041,0.0,0.0,0.0,2.0164,1
1517688781886548311,291,1517688781886146068,/gps,1,1,21.3124233333,-157.889838333,12.7,0.5329,0.0,0.0,0.0,0.5329,0.0,0.0,0.0,2.1316,1
1517688782901632859,292,1517688782900964975,/gps,1,1,21.3124266667,-157.889836667,12.7,0.5329,0.0,0.0,0.0,0.5329,0.0,0.0,0.0,2.1316,1
1517688783955726975,293,1517688783955331087,/gps,1,1,21.3124316667,-157.889836667,12.6,0.5476,0.0,0.0,0.0,0.5476,0.0,0.0,0.0,2.1904,1
1517688784939812030,294,1517688784939496994,/gps,1,1,21.3124366667,-157.889835,12.6,0.5329,0.0,0.0,0.0,0.5329,0.0,0.0,0.0,2.1316,1
1517688785921037186,295,1517688785920802116,/gps,1,1,21.3124416667,-157.889835,12.6,0.5329,0.0,0.0,0.0,0.5329,0.0,0.0,0.0,2.1316,1
1517688786912121539,296,1517688786907188892,/gps,1,1,21.3124466667,-157.889835,12.6,0.5329,0.0,0.0,0.0,0.5329,0.0,0.0,0.0,2.1316,1
1517688787893018167,297,1517688787892582893,/gps,1,1,21.3124516667,-157.889835,12.4,0.5329,0.0,0.0,0.0,0.5329,0.0,0.0,0.0,2.1316,1
1517688788937187244,298,1517688788936822891,/gps,1,1,21.3124566667,-157.889835,12.3,0.5329,0.0,0.0,0.0,0.5329,0.0,0.0,0.0,2.1316,1
1517688789935794431,299,1517688789935405969,/gps,1,1,21.3124616667,-157.889835,12.3,0.5329,0.0,0.0,0.0,0.5329,0.0,0.0,0.0,2.1316,1
1517688790954852968,300,1517688790954483985,/gps,1,1,21.312465,-157.889835,12.3,0.5329,0.0,0.0,0.0,0.5329,0.0,0.0,0.0,2.1316,1
1517688791937648426,301,1517688791937453031,/gps,1,1,21.31247,-157.889836667,12.3,0.5041,0.0,0.0,0.0,0.5041,0.0,0.0,0.0,2.0164,1
1517688792941663651,302,1517688792941441059,/gps,1,1,21.3124733333,-157.88984,12.4,0.5041,0.0,0.0,0.0,0.5041,0.0,0.0,0.0,2.0164,1
1517688793914114108,303,1517688793913681030,/gps,1,1,21.312475,-157.889841667,12.4,0.5041,0.0,0.0,0.0,0.5041,0.0,0.0,0.0,2.0164,1
1517688794895088904,304,1517688794894906044,/gps,1,1,21.3124783333,-157.889843333,12.4,0.5041,0.0,0.0,0.0,0.5041,0.0,0.0,0.0,2.0164,1
1517688795985699796,305,1517688795985256910,/gps,1,1,21.3124816667,-157.889843333,12.4,0.5041,0.0,0.0,0.0,0.5041,0.0,0.0,0.0,2.0164,1
1517688796916733043,306,1517688796915509939,/gps,1,1,21.312485,-157.889845,12.3,0.5041,0.0,0.0,0.0,0.5041,0.0,0.0,0.0,2.0164,1
1517688797956983060,307,1517688797956749916,/gps,1,1,21.3124883333,-157.889846667,12.3,0.5041,0.0,0.0,0.0,0.5041,0.0,0.0,0.0,2.0164,1
1517688798976583851,308,1517688798976155042,/gps,1,1,21.3124916667,-157.889848333,12.2,0.5041,0.0,0.0,0.0,0.5041,0.0,0.0,0.0,2.0164,1
1517688799938598948,309,1517688799938260078,/gps,1,1,21.312495,-157.889848333,12.2,0.5041,0.0,0.0,0.0,0.5041,0.0,0.0,0.0,2.0164,1
1517688800971833606,310,1517688800971457004,/gps,1,1,21.3124983333,-157.88985,12.1,0.5041,0.0,0.0,0.0,0.5041,0.0,0.0,0.0,2.0164,1
1517688801949359701,311,1517688801948832988,/gps,1,1,21.3125016667,-157.889851667,12.1,0.5041,0.0,0.0,0.0,0.5041,0.0,0.0,0.0,2.0164,1
1517688802940535464,312,1517688802940064907,/gps,1,1,21.312505,-157.889851667,12.1,0.5041,0.0,0.0,0.0,0.5041,0.0,0.0,0.0,2.0164,1
1517688803954840469,313,1517688803954555034,/gps,1,1,21.3125083333,-157.889853333,12.1,0.5041,0.0,0.0,0.0,0.5041,0.0,0.0,0.0,2.0164,1
1517688804940934710,314,1517688804940711975,/gps,1,1,21.3125116667,-157.889853333,12.1,0.5041,0.0,0.0,0.0,0.5041,0.0,0.0,0.0,2.0164,1
1517688805933461525,315,1517688805933104991,/gps,1,1,21.312515,-157.889855,12.1,0.5041,0.0,0.0,0.0,0.5041,0.0,0.0,0.0,2.0164,1
1517688806938633854,316,1517688806938453912,/gps,1,1,21.3125166667,-157.889856667,12.1,0.5041,0.0,0.0,0.0,0.5041,0.0,0.0,0.0,2.0164,1
1517688807901658037,317,1517688807901266098,/gps,1,1,21.3125183333,-157.889856667,12.1,0.5041,0.0,0.0,0.0,0.5041,0.0,0.0,0.0,2.0164,1
1517688808881505033,318,1517688808881045103,/gps,1,1,21.3125183333,-157.889856667,12.1,0.5329,0.0,0.0,0.0,0.5329,0.0,0.0,0.0,2.1316,1
1517688809972103471,319,1517688809971652030,/gps,1,1,21.3125183333,-157.889855,12.1,0.5041,0.0,0.0,0.0,0.5041,0.0,0.0,0.0,2.0164,1
1517688810939199754,320,1517688810938968896,/gps,1,1,21.3125183333,-157.889855,12.1,0.5041,0.0,0.0,0.0,0.5041,0.0,0.0,0.0,2.0164,1
1517688811947145487,321,1517688811946965932,/gps,1,1,21.3125183333,-157.889855,12.1,0.5041,0.0,0.0,0.0,0.5041,0.0,0.0,0.0,2.0164,1
1517688812894588877,322,1517688812894268989,/gps,1,1,21.31252,-157.889853333,12.1,0.5041,0.0,0.0,0.0,0.5041,0.0,0.0,0.0,2.0164,1
1517688813950638707,323,1517688813950257062,/gps,1,1,21.31252,-157.889853333,12.1,0.5041,0.0,0.0,0.0,0.5041,0.0,0.0,0.0,2.0164,1
1517688814889361094,324,1517688814888858079,/gps,1,1,21.31252,-157.889851667,12.1,0.5041,0.0,0.0,0.0,0.5041,0.0,0.0,0.0,2.0164,1
1517688815923151124,325,1517688815922940969,/gps,1,1,21.31252,-157.889851667,12.1,0.5041,0.0,0.0,0.0,0.5041,0.0,0.0,0.0,2.0164,1
1517688816943481411,326,1517688816943140029,/gps,1,1,21.31252,-157.88985,12.1,0.5041,0.0,0.0,0.0,0.5041,0.0,0.0,0.0,2.0164,1
1517688817888811336,327,1517688817888499975,/gps,1,1,21.31252,-157.889848333,12.1,0.5041,0.0,0.0,0.0,0.5041,0.0,0.0,0.0,2.0164,1
1517688818942932717,328,1517688818942691087,/gps,1,1,21.31252,-157.889846667,12.1,0.5041,0.0,0.0,0.0,0.5041,0.0,0.0,0.0,2.0164,1
1517688819959075377,329,1517688819958918094,/gps,1,1,21.31252,-157.889846667,12.0,0.5041,0.0,0.0,0.0,0.5041,0.0,0.0,0.0,2.0164,1
1517688820950635555,330,1517688820950387954,/gps,1,1,21.31252,-157.889845,12.0,0.5041,0.0,0.0,0.0,0.5041,0.0,0.0,0.0,2.0164,1
1517688821961059904,331,1517688821960675954,/gps,1,1,21.31252,-157.889843333,12.1,0.5041,0.0,0.0,0.0,0.5041,0.0,0.0,0.0,2.0164,1
