%time,field.header.seq,field.header.stamp,field.header.frame_id,field.status.status,field.status.service,field.latitude,field.longitude,field.altitude,field.position_covariance0,field.position_covariance1,field.position_covariance2,field.position_covariance3,field.position_covariance4,field.position_covariance5,field.position_covariance6,field.position_covariance7,field.position_covariance8,field.position_covariance_type
1517688492087566019,1,1517688480105973958,/gps,1,1,21.3118233333,-157.889258333,12.3,0.5041,0.0,0.0,0.0,0.5041,0.0,0.0,0.0,2.0164,1
1517688492987358818,2,1517688481112982034,/gps,1,1,21.3118216667,-157.88926,12.3,0.5041,0.0,0.0,0.0,0.5041,0.0,0.0,0.0,2.0164,1
1517688493971213002,3,1517688482104387998,/gps,1,1,21.3118216667,-157.88926,12.3,0.5041,0.0,0.0,0.0,0.5041,0.0,0.0,0.0,2.0164,1
1517688494980350369,4,1517688483111834049,/gps,1,1,21.3118216667,-157.889261667,12.3,0.5041,0.0,0.0,0.0,0.5041,0.0,0.0,0.0,2.0164,1
1517688496046783899,5,1517688484150875091,/gps,1,1,21.3118216667,-157.889261667,12.3,0.5041,0.0,0.0,0.0,0.5041,0.0,0.0,0.0,2.0164,1
1517688496967143784,6,1517688485110315084,/gps,1,1,21.31182,-157.889263333,12.3,0.5041,0.0,0.0,0.0,0.5041,0.0,0.0,0.0,2.0164,1
1517688497989406006,7,1517688486101608037,/gps,1,1,21.3118183333,-157.889265,12.3,0.5041,0.0,0.0,0.0,0.5041,0.0,0.0,0.0,2.0164,1
1517688498978221044,8,1517688487108869075,/gps,1,1,21.3118183333,-157.889265,12.3,0.5041,0.0,0.0,0.0,0.5041,0.0,0.0,0.0,2.0164,1
1517688499897502495,9,1517688488036223888,/gps,1,1,21.3118183333,-157.889263333,12.3,0.5041,0.0,0.0,0.0,0.5041,0.0,0.0,0.0,2.0164,1
1517688500934777626,10,1517688489059470891,/gps,1,1,21.3118183333,-157.889263333,12.3,0.5041,0.0,0.0,0.0,0.5041,0.0,0.0,0.0,2.0164,1
1517688501983641410,11,1517688490082777023,/gps,1,1,21.3118183333,-157.889261667,12.3,0.5041,0.0,0.0,0.0,0.5041,0.0,0.0,0.0,2.0164,1
1517688502961014525,12,1517688491074011087,/gps,1,1,21.3118183333,-157.88926,12.3,0.5041,0.0,0.0,0.0,0.5041,0.0,0.0,0.0,2.0164,1
1517688503900190211,13,1517688492017683029,/gps,1,1,21.3118183333,-157.88926,12.3,0.5041,0.0,0.0,0.0,0.5041,0.0,0.0,0.0,2.0164,1
1517688504926667261,14,1517688493056870937,/gps,1,1,21.3118183333,-157.889258333,12.3,0.5041,0.0,0.0,0.0,0.5041,0.0,0.0,0.0,2.0164,1
1517688505932166340,15,1517688494064142942,/gps,1,1,21.3118183333,-157.889258333,12.3,0.5041,0.0,0.0,0.0,0.5041,0.0,0.0,0.0,2.0164,1
1517688506893203356,16,1517688495023626089,/gps,1,1,21.3118183333,-157.88926,12.3,0.5041,0.0,0.0,0.0,0.5041,0.0,0.0,0.0,2.0164,1
1517688507924854904,17,1517688496047074079,/gps,1,1,21.31182,-157.88926,12.3,0.5041,0.0,0.0,0.0,0.5041,0.0,0.0,0.0,2.0164,1
1517688508942622385,18,1517688497070319890,/gps,1,1,21.31182,-157.88926,12.3,0.5041,0.0,0.0,0.0,0.5041,0.0,0.0,0.0,2.0164,1
1517688509983365052,19,1517688498125390052,/gps,1,1,21.31182,-157.889261667,12.3,0.5041,0.0,0.0,0.0,0.5041,0.0,0.0,0.0,2.0164,1
1517688510976674194,20,1517688499101054906,/gps,1,1,21.3118216667,-157.889261667,12.3,0.5041,0.0,0.0,0.0,0.5041,0.0,0.0,0.0,2.0164,1
1517688511965807385,21,1517688500092415094,/gps,1,1,21.3118216667,-157.889263333,12.3,0.5041,0.0,0.0,0.0,0.5041,0.0,0.0,0.0,2.0164,1
1517688513012349884,22,1517688501131498098,/gps,1,1,21.3118216667,-157.889263333,12.3,0.5329,0.0,0.0,0.0,0.5329,0.0,0.0,0.0,2.1316,1
1517688513977072716,23,1517688502107047080,/gps,1,1,21.3118233333,-157.889261667,12.3,0.5041,0.0,0.0,0.0,0.5041,0.0,0.0,0.0,2.0164,1
1517688514952860022,24,1517688503082421064,/gps,1,1,21.3118216667,-157.889261667,12.3,0.5041,0.0,0.0,0.0,0.5041,0.0,0.0,0.0,2.0164,1
1517688515972241466,25,1517688504105639934,/gps,1,1,21.3118216667,-157.889261667,12.3,0.5041,0.0,0.0,0.0,0.5041,0.0,0.0,0.0,2.0164,1
1517688516976827399,26,1517688505112773895,/gps,1,1,21.3118216667,-157.88926,12.3,0.5041,0.0,0.0,0.0,0.5041,0.0,0.0,0.0,2.0164,1
1517688517942047599,27,1517688506072307109,/gps,1,1,21.3118216667,-157.889261667,12.3,0.5041,0.0,0.0,0.0,0.5041,0.0,0.0,0.0,2.0164,1
1517688518990225128,28,1517688507111610889,/gps,1,1,21.3118216667,-157.889261667,12.3,0.5041,0.0,0.0,0.0,0.5041,0.0,0.0,0.0,2.0164,1
1517688519956817228,29,1517688508086997032,/gps,1,1,21.31182,-157.889261667,12.3,0.5041,0.0,0.0,0.0,0.5041,0.0,0.0,0.0,2.0164,1
1517688520960762594,30,1517688509094363927,/gps,1,1,21.31182,-157.889261667,12.3,0.5041,0.0,0.0,0.0,0.5041,0.0,0.0,0.0,2.0164,1
1517688521949252355,31,1517688510053594112,/gps,1,1,21.31182,-157.889261667,12.3,0.5041,0.0,0.0,0.0,0.5041,0.0,0.0,0.0,2.0164,1
1517688522929057321,32,1517688511045070886,/gps,0,1,21.3118216667,-157.889261667,12.3,0.5041,0.0,0.0,0.0,0.5041,0.0,0.0,0.0,2.0164,1
1517688523962569762,33,1517688512100250959,/gps,0,1,21.3118216667,-157.889261667,12.3,0.5041,0.0,0.0,0.0,0.5041,0.0,0.0,0.0,2.0164,1
1517688524937737297,34,1517688513059849977,/gps,0,1,21.3118216667,-157.889261667,12.3,0.5041,0.0,0.0,0.0,0.5041,0.0,0.0,0.0,2.0164,1
1517688525925391277,35,1517688514066754102,/gps,0,1,21.3118216667,-157.889261667,12.3,0.5041,0.0,0.0,0.0,0.5041,0.0,0.0,0.0,2.0164,1
1517688526930425309,36,1517688515058203935,/gps,0,1,21.3118216667,-157.889261667,12.3,0.5041,0.0,0.0,0.0,0.5041,0.0,0.0,0.0,2.0164,1
1517688527950702704,37,1517688516065535068,/gps,0,1,21.3118233333,-157.889263333,12.3,0.5041,0.0,0.0,0.0,0.5041,0.0,0.0,0.0,2.0164,1
1517688528938166411,38,1517688517056925058,/gps,0,1,21.3118233333,-157.889263333,12.3,0.5041,0.0,0.0,0.0,0.5041,0.0,0.0,0.0,2.0164,1
1517688529925393256,39,1517688518063905000,/gps,0,1,21.3118233333,-157.889263333,12.3,0.5041,0.0,0.0,0.0,0.5041,0.0,0.0,0.0,2.0164,1
1517688530972119789,40,1517688519103272914,/gps,0,1,21.3118233333,-157.889263333,12.3,0.5041,0.0,0.0,0.0,0.5041,0.0,0.0,0.0,2.0164,1
1517688532014100068,41,1517688520110972881,/gps,0,1,21.3118233333,-157.889263333,12.3,0.5041,0.0,0.0,0.0,0.5041,0.0,0.0,0.0,2.0164,1
1517688532987376095,42,1517688521117818117,/gps,0,1,21.3118233333,-157.889263333,12.3,0.5041,0.0,0.0,0.0,0.5041,0.0,0.0,0.0,2.0164,1
1517688533964872735,43,1517688522109421968,/gps,0,1,21.3118216667,-157.889263333,12.3,0.5041,0.0,0.0,0.0,0.5041,0.0,0.0,0.0,2.0164,1
1517688534989965048,44,1517688523116914033,/gps,0,1,21.31182,-157.889263333,12.3,0.5041,0.0,0.0,0.0,0.5041,0.0,0.0,0.0,2.0164,1
1517688535977722528,45,1517688524108047962,/gps,0,1,21.31182,-157.889263333,12.3,0.5041,0.0,0.0,0.0,0.5041,0.0,0.0,0.0,2.0164,1
1517688536965398585,46,1517688525099483013,/gps,0,1,21.31182,-157.889263333,12.3,0.5041,0.0,0.0,0.0,0.5041,0.0,0.0,0.0,2.0164,1
1517688538000638398,47,1517688526122730016,/gps,0,1,21.3118183333,-157.889263333,12.3,0.5041,0.0,0.0,0.0,0.5041,0.0,0.0,0.0,2.0164,1
1517688538932115188,48,1517688527034322023,/gps,0,1,21.3118183333,-157.889265,12.3,0.5041,0.0,0.0,0.0,0.5041,0.0,0.0,0.0,2.0164,1
1517688539975525807,49,1517688528105518102,/gps,0,1,21.3118166667,-157.889265,12.3,0.5041,0.0,0.0,0.0,0.5041,0.0,0.0,0.0,2.0164,1
1517688540926253132,50,1517688529048953056,/gps,0,1,21.3118166667,-157.889265,12.3,0.5041,0.0,0.0,0.0,0.5041,0.0,0.0,0.0,2.0164,1
1517688541976581847,51,1517688530120197057,/gps,0,1,21.3118166667,-157.889265,12.3,0.5041,0.0,0.0,0.0,0.5041,0.0,0.0,0.0,2.0164,1
1517688542915362742,52,1517688531047554016,/gps,0,1,21.3118166667,-157.889265,12.3,0.5041,0.0,0.0,0.0,0.5041,0.0,0.0,0.0,2.0164,1
1517688543944193100,53,1517688532086721897,/gps,0,1,21.3118166667,-157.889265,12.3,0.5041,0.0,0.0,0.0,0.5041,0.0,0.0,0.0,2.0164,1
1517688544990749607,54,1517688533110348939,/gps,0,1,21.3118183333,-157.889266667,12.3,0.5041,0.0,0.0,0.0,0.5041,0.0,0.0,0.0,2.0164,1
1517688545937868622,55,1517688534069669008,/gps,0,1,21.3118183333,-157.889268333,12.3,0.5041,0.0,0.0,0.0,0.5041,0.0,0.0,0.0,2.0164,1
1517688546982097620,56,1517688535076884031,/gps,0,1,21.31182,-157.88927,12.3,0.5041,0.0,0.0,0.0,0.5041,0.0,0.0,0.0,2.0164,1
1517688547944042119,57,1517688536084249019,/gps,0,1,21.3118216667,-157.889271667,12.3,0.5041,0.0,0.0,0.0,0.5041,0.0,0.0,0.0,2.0164,1
1517688548921608845,58,1517688537043775081,/gps,0,1,21.3118216667,-157.889273333,12.3,0.5041,0.0,0.0,0.0,0.5041,0.0,0.0,0.0,2.0164,1
1517688549950617853,59,1517688538066776037,/gps,0,1,21.3118216667,-157.889273333,12.3,0.5041,0.0,0.0,0.0,0.5041,0.0,0.0,0.0,2.0164,1
1517688550930522151,60,1517688539058248043,/gps,0,1,21.3118233333,-157.889275,12.3,0.5041,0.0,0.0,0.0,0.5041,0.0,0.0,0.0,2.0164,1
1517688551999848989,61,1517688540129462003,/gps,0,1,21.3118233333,-157.889275,12.3,0.5041,0.0,0.0,0.0,0.5041,0.0,0.0,0.0,2.0164,1
1517688553015601753,62,1517688541120763063,/gps,0,1,21.3118233333,-157.889276667,12.3,0.5041,0.0,0.0,0.0,0.5041,0.0,0.0,0.0,2.0164,1
1517688554006684487,63,1517688542127978086,/gps,0,1,21.311825,-157.889276667,12.3,0.5041,0.0,0.0,0.0,0.5041,0.0,0.0,0.0,2.0164,1
1517688554978933711,64,1517688543103215932,/gps,0,1,21.3118266667,-157.889276667,12.3,0.5041,0.0,0.0,0.0,0.5041,0.0,0.0,0.0,2.0164,1
1517688555954620570,65,1517688544094700098,/gps,0,1,21.3118266667,-157.889276667,12.3,0.5329,0.0,0.0,0.0,0.5329,0.0,0.0,0.0,2.1316,1
1517688557005824296,66,1517688545134008884,/gps,0,1,21.3118283333,-157.889276667,12.3,0.5329,0.0,0.0,0.0,0.5329,0.0,0.0,0.0,2.1316,1
1517688557999361024,67,1517688546125257015,/gps,0,1,21.3118283333,-157.889276667,12.3,0.5329,0.0,0.0,0.0,0.5329,0.0,0.0,0.0,2.1316,1
1517688559004636835,68,1517688547132570981,/gps,0,1,21.31183,-157.889276667,12.4,0.5329,0.0,0.0,0.0,0.5329,0.0,0.0,0.0,2.1316,1
1517688559940636622,69,1517688548060009002,/gps,0,1,21.31183,-157.889276667,12.4,0.5041,0.0,0.0,0.0,0.5041,0.0,0.0,0.0,2.0164,1
1517688561004741410,70,1517688549115336894,/gps,0,1,21.31183,-157.889276667,12.4,0.5041,0.0,0.0,0.0,0.5041,0.0,0.0,0.0,2.0164,1
1517688561929031068,71,1517688550058868885,/gps,0,1,21.3118316667,-157.889276667,12.4,0.5041,0.0,0.0,0.0,0.5041,0.0,0.0,0.0,2.0164,1
1517688562977717896,72,1517688551114239931,/gps,0,1,21.3118316667,-157.889276667,12.4,0.5329,0.0,0.0,0.0,0.5329,0.0,0.0,0.0,2.1316,1
1517688563932584130,73,1517688552057615041,/gps,0,1,21.3118316667,-157.889276667,12.4,0.5329,0.0,0.0,0.0,0.5329,0.0,0.0,0.0,2.1316,1
1517688564964200974,74,1517688553096541881,/gps,0,1,21.3118316667,-157.889276667,12.4,0.5329,0.0,0.0,0.0,0.5329,0.0,0.0,0.0,2.1316,1
1517688565974754125,75,1517688554087845087,/gps,0,1,21.3118316667,-157.889276667,12.4,0.5329,0.0,0.0,0.0,0.5329,0.0,0.0,0.0,2.1316,1
1517688566962419369,76,1517688555063443899,/gps,0,1,21.3118316667,-157.889276667,12.4,0.5041,0.0,0.0,0.0,0.5041,0.0,0.0,0.0,2.0164,1
1517688567933868601,77,1517688556054940938,/gps,0,1,21.3118316667,-157.889275,12.4,0.5041,0.0,0.0,0.0,0.5041,0.0,0.0,0.0,2.0164,1
1517688568989207974,78,1517688557109812021,/gps,0,1,21.3118316667,-157.889275,12.4,0.5041,0.0,0.0,0.0,0.5041,0.0,0.0,0.0,2.0164,1
1517688569920854525,79,1517688558053369998,/gps,0,1,21.3118333333,-157.889275,12.4,0.5041,0.0,0.0,0.0,0.5041,0.0,0.0,0.0,2.0164,1
1517688570904097361,80,1517688559044761896,/gps,0,1,21.3118333333,-157.889275,12.4,0.5329,0.0,0.0,0.0,0.5329,0.0,0.0,0.0,2.1316,1
1517688571912429677,81,1517688560052053928,/gps,0,1,21.3118333333,-157.889275,12.4,0.5329,0.0,0.0,0.0,0.5329,0.0,0.0,0.0,2.1316,1
1517688572985362835,82,1517688561107299089,/gps,0,1,21.3118333333,-157.889275,12.4,0.5329,0.0,0.0,0.0,0.5329,0.0,0.0,0.0,2.1316,1
1517688573988442387,83,1517688562114388942,/gps,0,1,21.311835,-157.889273333,12.4,0.5041,0.0,0.0,0.0,0.5041,0.0,0.0,0.0,2.0164,1
1517688574974728102,84,1517688563089910030,/gps,0,1,21.311835,-157.889273333,12.4,0.5041,0.0,0.0,0.0,0.5041,0.0,0.0,0.0,2.0164,1
1517688575966742359,85,1517688564065359115,/gps,0,1,21.3118333333,-157.889273333,12.4,0.5041,0.0,0.0,0.0,0.5041,0.0,0.0,0.0,2.0164,1
1517688576924977497,86,1517688565040724039,/gps,0,1,21.311835,-157.889271667,12.4,0.5041,0.0,0.0,0.0,0.5041,0.0,0.0,0.0,2.0164,1
1517688577947991105,87,1517688566079946041,/gps,0,1,21.311835,-157.889271667,12.4,0.5041,0.0,0.0,0.0,0.5041,0.0,0.0,0.0,2.0164,1
1517688578966939882,88,1517688567087192058,/gps,0,1,21.3118333333,-157.88927,12.4,0.5041,0.0,0.0,0.0,0.5041,0.0,0.0,0.0,2.0164,1
1517688579962769858,89,1517688568078568935,/gps,0,1,21.3118316667,-157.88927,12.4,0.5041,0.0,0.0,0.0,0.5041,0.0,0.0,0.0,2.0164,1
1517688580989057602,90,1517688569117815017,/gps,0,1,21.3118316667,-157.889268333,12.4,0.5041,0.0,0.0,0.0,0.5041,0.0,0.0,0.0,2.0164,1
1517688581991757634,91,1517688570109355926,/gps,0,1,21.3118316667,-157.889268333,12.4,0.5041,0.0,0.0,0.0,0.5041,0.0,0.0,0.0,2.0164,1
1517688582941709181,92,1517688571084708929,/gps,0,1,21.31183,-157.889266667,12.4,0.5041,0.0,0.0,0.0,0.5041,0.0,0.0,0.0,2.0164,1
1517688583992946379,93,1517688572123913049,/gps,0,1,21.31183,-157.889266667,12.4,0.5041,0.0,0.0,0.0,0.5041,0.0,0.0,0.0,2.0164,1
1517688584908857874,94,1517688573051310062,/gps,0,1,21.31183,-157.889266667,12.4,0.5041,0.0,0.0,0.0,0.5041,0.0,0.0,0.0,2.0164,1
1517688585967543467,95,1517688574106493949,/gps,0,1,21.31183,-157.889265,12.4,0.5041,0.0,0.0,0.0,0.5041,0.0,0.0,0.0,2.0164,1
1517688586939358870,96,1517688575081934928,/gps,0,1,21.3118316667,-157.889265,12.4,0.5041,0.0,0.0,0.0,0.5041,0.0,0.0,0.0,2.0164,1
1517688587919102729,97,1517688576057440042,/gps,0,1,21.3118316667,-157.889265,12.4,0.5041,0.0,0.0,0.0,0.5041,0.0,0.0,0.0,2.0164,1
1517688588922208047,98,1517688577064881086,/gps,0,1,21.3118316667,-157.889263333,12.4,0.5041,0.0,0.0,0.0,0.5041,0.0,0.0,0.0,2.0164,1
1517688589933641194,99,1517688578040045022,/gps,0,1,21.3118316667,-157.889263333,12.4,0.5041,0.0,0.0,0.0,0.5041,0.0,0.0,0.0,2.0164,1
1517688590891248418,100,1517688579031368970,/gps,0,1,21.3118316667,-157.889263333,12.4,0.5041,0.0,0.0,0.0,0.5041,0.0,0.0,0.0,2.0164,1
1517688591920692595,101,1517688580054677009,/gps,0,1,21.3118333333,-157.889263333,12.4,0.5041,0.0,0.0,0.0,0.5041,0.0,0.0,0.0,2.0164,1
1517688592888099979,102,1517688581030076026,/gps,0,1,21.3118333333,-157.889261667,12.4,0.5041,0.0,0.0,0.0,0.5041,0.0,0.0,0.0,2.0164,1
1517688593962368537,103,1517688582101491928,/gps,0,1,21.3118333333,-157.889261667,12.4,0.5041,0.0,0.0,0.0,0.5041,0.0,0.0,0.0,2.0164,1
1517688594962152343,104,1517688583092840909,/gps,0,1,21.3118333333,-157.889261667,12.4,0.5041,0.0,0.0,0.0,0.5041,0.0,0.0,0.0,2.0164,1
1517688595942724317,105,1517688584068156957,/gps,0,1,21.3118316667,-157.88926,12.4,0.5041,0.0,0.0,0.0,0.5041,0.0,0.0,0.0,2.0164,1
1517688596911160558,106,1517688585043344974,/gps,0,1,21.3118316667,-157.88926,12.4,0.5041,0.0,0.0,0.0,0.5041,0.0,0.0,0.0,2.0164,1
1517688597884984874,107,1517688586018640995,/gps,0,1,21.3118316667,-157.889258333,12.4,0.5041,0.0,0.0,0.0,0.5041,0.0,0.0,0.0,2.0164,1
1517688598993299266,108,1517688587121809005,/gps,0,1,21.31183,-157.889258333,12.4,0.5041,0.0,0.0,0.0,0.5041,0.0,0.0,0.0,2.0164,1
1517688599987436734,109,1517688588113049030,/gps,0,1,21.31183,-157.889258333,12.4,0.5041,0.0,0.0,0.0,0.5041,0.0,0.0,0.0,2.0164,1
1517688600936293381,110,1517688589072539091,/gps,0,1,21.31183,-157.889258333,12.4,0.5041,0.0,0.0,0.0,0.5041,0.0,0.0,0.0,2.0164,1
1517688601926791284,111,1517688590047758102,/gps,0,1,21.3118283333,-157.889258333,12.4,0.5041,0.0,0.0,0.0,0.5041,0.0,0.0,0.0,2.0164,1
1517688602947147029,112,1517688591071011066,/gps,0,1,21.3118283333,-157.889258333,12.4,0.5041,0.0,0.0,0.0,0.5041,0.0,0.0,0.0,2.0164,1
1517688603976241056,113,1517688592094228982,/gps,0,1,21.3118266667,-157.889258333,12.4,0.5041,0.0,0.0,0.0,0.5041,0.0,0.0,0.0,2.0164,1
1517688604961432841,114,1517688593085587978,/gps,0,1,21.3118266667,-157.889258333,12.4,0.5041,0.0,0.0,0.0,0.5041,0.0,0.0,0.0,2.0164,1
1517688605884889578,115,1517688594029047012,/gps,0,1,21.311825,-157.889256667,12.4,0.5041,0.0,0.0,0.0,0.5041,0.0,0.0,0.0,2.0164,1
1517688606970540333,116,1517688595084513902,/gps,0,1,21.311825,-157.889256667,12.4,0.5041,0.0,0.0,0.0,0.5041,0.0,0.0,0.0,2.0164,1
1517688607969101025,117,1517688596091526985,/gps,0,1,21.311825,-157.889256667,12.4,0.5041,0.0,0.0,0.0,0.5041,0.0,0.0,0.0,2.0164,1
1517688608902630992,118,1517688597019188880,/gps,0,1,21.3118233333,-157.889256667,12.4,0.5041,0.0,0.0,0.0,0.5041,0.0,0.0,0.0,2.0164,1
1517688609939970464,119,1517688598074229955,/gps,0,1,21.3118233333,-157.889256667,12.4,0.5041,0.0,0.0,0.0,0.5041,0.0,0.0,0.0,2.0164,1
1517688610915158696,120,1517688599049662113,/gps,0,1,21.3118216667,-157.889255,12.4,0.5041,0.0,0.0,0.0,0.5041,0.0,0.0,0.0,2.0164,1
1517688611958986244,121,1517688600056792020,/gps,0,1,21.31182,-157.889255,12.4,0.5041,0.0,0.0,0.0,0.5041,0.0,0.0,0.0,2.0164,1
1517688612917319579,122,1517688601047976016,/gps,0,1,21.31182,-157.889255,12.4,0.5041,0.0,0.0,0.0,0.5041,0.0,0.0,0.0,2.0164,1
1517688613925907625,123,1517688602023467063,/gps,0,1,21.31182,-157.889255,12.4,0.5041,0.0,0.0,0.0,0.5041,0.0,0.0,0.0,2.0164,1
1517688615964270251,125,1517688604101905107,/gps,0,1,21.31182,-157.889255,12.4,0.5041,0.0,0.0,0.0,0.5041,0.0,0.0,0.0,2.0164,1
1517688616982968955,126,1517688605093292951,/gps,0,1,21.31182,-157.889255,12.4,0.5041,0.0,0.0,0.0,0.5041,0.0,0.0,0.0,2.0164,1
1517688617884969483,127,1517688606020945072,/gps,0,1,21.31182,-157.889255,12.4,0.5041,0.0,0.0,0.0,0.5041,0.0,0.0,0.0,2.0164,1
1517688618869597424,128,1517688607012065887,/gps,0,1,21.31182,-157.889253333,12.4,0.5041,0.0,0.0,0.0,0.5041,0.0,0.0,0.0,2.0164,1
1517688619929875056,129,1517688608067286014,/gps,0,1,21.31182,-157.889253333,12.4,0.5041,0.0,0.0,0.0,0.5041,0.0,0.0,0.0,2.0164,1
1517688620979614950,130,1517688609106755971,/gps,0,1,21.3118183333,-157.889253333,12.4,0.5041,0.0,0.0,0.0,0.5041,0.0,0.0,0.0,2.0164,1
1517688621936382934,131,1517688610066127061,/gps,0,1,21.31182,-157.889253333,12.4,0.5041,0.0,0.0,0.0,0.5041,0.0,0.0,0.0,2.0164,1
1517688622913881716,132,1517688611025361061,/gps,0,1,21.3118183333,-157.889253333,12.4,0.5041,0.0,0.0,0.0,0.5041,0.0,0.0,0.0,2.0164,1
1517688623954021934,133,1517688612096682071,/gps,0,1,21.3118183333,-157.889253333,12.4,0.5041,0.0,0.0,0.0,0.5041,0.0,0.0,0.0,2.0164,1
1517688624996344523,134,1517688613103826045,/gps,0,1,21.31182,-157.889253333,12.4,0.5041,0.0,0.0,0.0,0.5041,0.0,0.0,0.0,2.0164,1
1517688625933299532,135,1517688614063309907,/gps,0,1,21.31182,-157.889251667,12.4,0.5041,0.0,0.0,0.0,0.5041,0.0,0.0,0.0,2.0164,1
1517688626870870880,136,1517688615006634950,/gps,0,1,21.31182,-157.889251667,12.4,0.5041,0.0,0.0,0.0,0.5041,0.0,0.0,0.0,2.0164,1
1517688627965110937,137,1517688616094094991,/gps,0,1,21.31182,-157.889251667,12.4,0.5041,0.0,0.0,0.0,0.5041,0.0,0.0,0.0,2.0164,1
1517688628959465506,138,1517688617101399898,/gps,0,1,21.3118216667,-157.889251667,12.4,0.5329,0.0,0.0,0.0,0.5329,0.0,0.0,0.0,2.1316,1
1517688629925119356,139,1517688618060755014,/gps,0,1,21.3118216667,-157.889251667,12.4,0.5329,0.0,0.0,0.0,0.5329,0.0,0.0,0.0,2.1316,1
1517688630915130589,140,1517688619051979064,/gps,0,1,21.3118216667,-157.889251667,12.4,0.5329,0.0,0.0,0.0,0.5329,0.0,0.0,0.0,2.1316,1
1517688631914201467,141,1517688620043356895,/gps,0,1,21.3118233333,-157.889251667,12.4,0.5041,0.0,0.0,0.0,0.5041,0.0,0.0,0.0,2.0164,1
1517688632973400086,142,1517688621066651105,/gps,0,1,21.3118233333,-157.889251667,12.4,0.5329,0.0,0.0,0.0,0.5329,0.0,0.0,0.0,2.1316,1
1517688633914107632,143,1517688622041973114,/gps,0,1,21.311825,-157.889251667,12.4,0.5041,0.0,0.0,0.0,0.5041,0.0,0.0,0.0,2.0164,1
1517688634884778427,144,1517688623017302036,/gps,0,1,21.311825,-157.889251667,12.4,0.5041,0.0,0.0,0.0,0.5041,0.0,0.0,0.0,2.0164,1
1517688635888894789,145,1517688624024760007,/gps,0,1,21.311825,-157.889251667,12.4,0.5041,0.0,0.0,0.0,0.5041,0.0,0.0,0.0,2.0164,1
1517688636945362314,146,1517688625064074993,/gps,0,1,21.311825,-157.889251667,12.5,0.5041,0.0,0.0,0.0,0.5041,0.0,0.0,0.0,2.0164,1
1517688637934867284,147,1517688626055274009,/gps,0,1,21.311825,-157.889253333,12.5,0.5041,0.0,0.0,0.0,0.5041,0.0,0.0,0.0,2.0164,1
1517688638930233566,148,1517688627046772956,/gps,0,1,21.311825,-157.889253333,12.5,0.5041,0.0,0.0,0.0,0.5041,0.0,0.0,0.0,2.0164,1
1517688639975742140,149,1517688628101793050,/gps,0,1,21.311825,-157.889253333,12.5,0.5041,0.0,0.0,0.0,0.5041,0.0,0.0,0.0,2.0164,1
1517688640988768854,150,1517688629125053882,/gps,0,1,21.311825,-157.889255,12.5,0.5041,0.0,0.0,0.0,0.5041,0.0,0.0,0.0,2.0164,1
1517688641972506985,151,1517688630100580930,/gps,0,1,21.311825,-157.889256667,12.5,0.5041,0.0,0.0,0.0,0.5041,0.0,0.0,0.0,2.0164,1
1517688642973848161,152,1517688631107671976,/gps,0,1,21.3118233333,-157.889256667,12.5,0.5041,0.0,0.0,0.0,0.5041,0.0,0.0,0.0,2.0164,1
1517688643964289800,153,1517688632099015951,/gps,0,1,21.3118233333,-157.889258333,12.5,0.5041,0.0,0.0,0.0,0.5041,0.0,0.0,0.0,2.0164,1
1517688644991651023,154,1517688633106421947,/gps,0,1,21.3118233333,-157.889258333,12.5,0.5041,0.0,0.0,0.0,0.5041,0.0,0.0,0.0,2.0164,1
1517688645954006594,155,1517688634081762075,/gps,0,1,21.3118233333,-157.88926,12.5,0.5041,0.0,0.0,0.0,0.5041,0.0,0.0,0.0,2.0164,1
1517688646980613294,156,1517688635089107990,/gps,0,1,21.3118233333,-157.88926,12.5,0.5041,0.0,0.0,0.0,0.5041,0.0,0.0,0.0,2.0164,1
1517688647977259990,157,1517688636112762928,/gps,0,1,21.311825,-157.88926,12.5,0.6241,0.0,0.0,0.0,0.6241,0.0,0.0,0.0,2.4964,1
1517688648928037226,158,1517688637072087049,/gps,0,1,21.3118266667,-157.88926,12.5,0.5329,0.0,0.0,0.0,0.5329,0.0,0.0,0.0,2.1316,1
1517688649954915348,159,1517688638079221010,/gps,0,1,21.311825,-157.88926,12.5,0.5041,0.0,0.0,0.0,0.5041,0.0,0.0,0.0,2.0164,1
1517688650925894995,160,1517688639022500038,/gps,0,1,21.311825,-157.889261667,12.5,0.5041,0.0,0.0,0.0,0.5041,0.0,0.0,0.0,2.0164,1
1517688651882564415,161,1517688640014029026,/gps,0,1,21.3118266667,-157.889261667,12.5,0.5041,0.0,0.0,0.0,0.5041,0.0,0.0,0.0,2.0164,1
1517688652923614165,162,1517688641053205013,/gps,0,1,21.311825,-157.889261667,12.5,0.5041,0.0,0.0,0.0,0.5041,0.0,0.0,0.0,2.0164,1
1517688653956906146,163,1517688642092540979,/gps,0,1,21.311825,-157.889261667,12.5,0.5041,0.0,0.0,0.0,0.5041,0.0,0.0,0.0,2.0164,1
1517688654914638574,164,1517688643019875049,/gps,0,1,21.311825,-157.88926,12.5,0.5041,0.0,0.0,0.0,0.5041,0.0,0.0,0.0,2.0164,1
1517688655890381206,165,1517688644027214050,/gps,0,1,21.311825,-157.88926,12.5,0.5041,0.0,0.0,0.0,0.5041,0.0,0.0,0.0,2.0164,1
1517688656890806100,166,1517688645018603086,/gps,0,1,21.311825,-157.88926,12.5,0.5329,0.0,0.0,0.0,0.5329,0.0,0.0,0.0,2.1316,1
1517688657893138499,167,1517688646025795936,/gps,0,1,21.311825,-157.88926,12.5,0.5041,0.0,0.0,0.0,0.5041,0.0,0.0,0.0,2.0164,1
1517688658911698165,168,1517688647049082994,/gps,0,1,21.311825,-157.88926,12.5,0.5041,0.0,0.0,0.0,0.5041,0.0,0.0,0.0,2.0164,1
1517688659917636160,169,1517688648024390935,/gps,0,1,21.311825,-157.88926,12.5,0.5041,0.0,0.0,0.0,0.5041,0.0,0.0,0.0,2.0164,1
1517688660947981136,170,1517688649063711881,/gps,0,1,21.3118266667,-157.88926,12.5,0.5041,0.0,0.0,0.0,0.5041,0.0,0.0,0.0,2.0164,1
1517688661971733518,171,1517688650103173017,/gps,0,1,21.3118266667,-157.889261667,12.5,0.5041,0.0,0.0,0.0,0.5041,0.0,0.0,0.0,2.0164,1
1517688662948403593,172,1517688651078648090,/gps,0,1,21.3118283333,-157.889261667,12.5,0.5041,0.0,0.0,0.0,0.5041,0.0,0.0,0.0,2.0164,1
1517688663938862968,173,1517688652069729089,/gps,0,1,21.3118283333,-157.889261667,12.5,0.5041,0.0,0.0,0.0,0.5041,0.0,0.0,0.0,2.0164,1
1517688664939976075,174,1517688653077306985,/gps,0,1,21.3118283333,-157.889261667,12.5,0.5041,0.0,0.0,0.0,0.5041,0.0,0.0,0.0,2.0164,1
1517688666036270462,175,1517688654100647926,/gps,0,1,21.3118283333,-157.88926,12.5,0.5041,0.0,0.0,0.0,0.5041,0.0,0.0,0.0,2.0164,1
1517688667037961649,176,1517688655091969013,/gps,0,1,21.31183,-157.889261667,12.5,0.5329,0.0,0.0,0.0,0.5329,0.0,0.0,0.0,2.1316,1
1517688667980831924,177,1517688656115075111,/gps,0,1,21.31183,-157.889261667,12.5,0.5041,0.0,0.0,0.0,0.5041,0.0,0.0,0.0,2.0164,1
1517688669041615612,178,1517688657058307886,/gps,0,1,21.31183,-157.889261667,12.5,0.5041,0.0,0.0,0.0,0.5041,0.0,0.0,0.0,2.0164,1
1517688669982687269,179,1517688658097867012,/gps,0,1,21.31183,-157.889261667,12.5,0.5041,0.0,0.0,0.0,0.5041,0.0,0.0,0.0,2.0164,1
1517688670985114600,180,1517688659104892969,/gps,0,1,21.31183,-157.889261667,12.5,0.5041,0.0,0.0,0.0,0.5041,0.0,0.0,0.0,2.0164,1
1517688672017495201,181,1517688660128271102,/gps,0,1,21.31183,-157.889263333,12.5,0.5041,0.0,0.0,0.0,0.5041,0.0,0.0,0.0,2.0164,1
1517688672945538235,182,1517688661055946111,/gps,0,1,21.31183,-157.889263333,12.5,0.5041,0.0,0.0,0.0,0.5041,0.0,0.0,0.0,2.0164,1
1517688673979544828,183,1517688662047054052,/gps,0,1,21.3118316667,-157.889263333,12.5,0.5041,0.0,0.0,0.0,0.5041,0.0,0.0,0.0,2.0164,1
1517688674980692425,184,1517688663102296113,/gps,0,1,21.3118316667,-157.889263333,12.5,0.5041,0.0,0.0,0.0,0.5041,0.0,0.0,0.0,2.0164,1
1517688676026539421,185,1517688664125423908,/gps,0,1,21.3118316667,-157.889265,12.5,0.5041,0.0,0.0,0.0,0.5041,0.0,0.0,0.0,2.0164,1
1517688677258136508,186,1517688665053040027,/gps,0,1,21.3118316667,-157.889265,12.5,0.5041,0.0,0.0,0.0,0.5041,0.0,0.0,0.0,2.0164,1
1517688677954385520,187,1517688666044502019,/gps,0,1,21.3118316667,-157.889265,12.5,0.5041,0.0,0.0,0.0,0.5041,0.0,0.0,0.0,2.0164,1
1517688678954412705,188,1517688667067409992,/gps,0,1,21.3118316667,-157.889266667,12.5,0.5041,0.0,0.0,0.0,0.5041,0.0,0.0,0.0,2.0164,1
1517688679906340917,189,1517688668042876005,/gps,0,1,21.3118316667,-157.889268333,12.5,0.5041,0.0,0.0,0.0,0.5041,0.0,0.0,0.0,2.0164,1
1517688680919986600,190,1517688669050349950,/gps,0,1,21.3118333333,-157.889268333,12.5,0.5041,0.0,0.0,0.0,0.5041,0.0,0.0,0.0,2.0164,1
1517688681966570956,191,1517688670105545997,/gps,0,1,21.3118333333,-157.88927,12.5,0.5041,0.0,0.0,0.0,0.5041,0.0,0.0,0.0,2.0164,1
1517688682972703193,192,1517688671096895933,/gps,0,1,21.3118333333,-157.889271667,12.5,0.5041,0.0,0.0,0.0,0.5041,0.0,0.0,0.0,2.0164,1
1517688683964405505,193,1517688672104089021,/gps,0,1,21.3118333333,-157.889271667,12.5,0.5041,0.0,0.0,0.0,0.5041,0.0,0.0,0.0,2.0164,1
1517688685038772490,194,1517688673111514091,/gps,0,1,21.311835,-157.889271667,12.5,0.5329,0.0,0.0,0.0,0.5329,0.0,0.0,0.0,2.1316,1
1517688685997116204,195,1517688674102534055,/gps,0,1,21.311835,-157.889273333,12.5,0.5041,0.0,0.0,0.0,0.5041,0.0,0.0,0.0,2.0164,1
1517688687006265861,196,1517688675110110998,/gps,0,1,21.311835,-157.889273333,12.5,0.5041,0.0,0.0,0.0,0.5041,0.0,0.0,0.0,2.0164,1
1517688688026522441,197,1517688676101280927,/gps,0,1,21.311835,-157.889273333,12.5,0.5041,0.0,0.0,0.0,0.5041,0.0,0.0,0.0,2.0164,1
1517688688999043059,198,1517688677092541933,/gps,0,1,21.311835,-157.889273333,12.6,0.5476,0.0,0.0,0.0,0.5476,0.0,0.0,0.0,2.1904,1
1517688689938978619,199,1517688678067851066,/gps,0,1,21.311835,-157.889273333,12.6,0.5476,0.0,0.0,0.0,0.5476,0.0,0.0,0.0,2.1904,1
1517688690974298418,200,1517688679107243061,/gps,0,1,21.3118366667,-157.889275,12.6,0.5476,0.0,0.0,0.0,0.5476,0.0,0.0,0.0,2.1904,1
1517688691959475008,201,1517688680066335916,/gps,0,1,21.3118366667,-157.889275,12.6,0.6084,0.0,0.0,0.0,0.6084,0.0,0.0,0.0,2.4336,1
1517688692986070158,202,1517688681105957031,/gps,0,1,21.3118383333,-157.889275,12.6,0.5476,0.0,0.0,0.0,0.5476,0.0,0.0,0.0,2.1904,1
1517688693926937700,203,1517688682065296888,/gps,0,1,21.3118383333,-157.889275,12.6,0.5776,0.0,0.0,0.0,0.5776,0.0,0.0,0.0,2.3104,1
1517688694997288993,204,1517688683104756116,/gps,0,1,21.3118383333,-157.889276667,12.6,0.5476,0.0,0.0,0.0,0.5476,0.0,0.0,0.0,2.1904,1
1517688695911498143,205,1517688684047749996,/gps,0,1,21.31184,-157.889276667,12.6,0.5776,0.0,0.0,0.0,0.5776,0.0,0.0,0.0,2.3104,1
1517688696904223371,206,1517688685039215087,/gps,0,1,21.31184,-157.889276667,12.6,0.5476,0.0,0.0,0.0,0.5476,0.0,0.0,0.0,2.1904,1
1517688698014714248,207,1517688686110361099,/gps,0,1,21.3118416667,-157.889275,12.6,0.5476,0.0,0.0,0.0,0.5476,0.0,0.0,0.0,2.1904,1
1517688698918256997,208,1517688687053757905,/gps,0,1,21.3118416667,-157.889275,12.6,0.5776,0.0,0.0,0.0,0.5776,0.0,0.0,0.0,2.3104,1
1517688699911877412,209,1517688688045279979,/gps,0,1,21.3118416667,-157.889275,12.6,0.5476,0.0,0.0,0.0,0.5476,0.0,0.0,0.0,2.1904,1
1517688700999713661,210,1517688689036422967,/gps,0,1,21.3118416667,-157.889275,12.6,0.5776,0.0,0.0,0.0,0.5776,0.0,0.0,0.0,2.3104,1
1517688701942034454,211,1517688690075642108,/gps,0,1,21.3118433333,-157.889275,12.6,0.5476,0.0,0.0,0.0,0.5476,0.0,0.0,0.0,2.1904,1
1517688702963906650,212,1517688691099097013,/gps,0,1,21.3118433333,-157.889275,12.6,0.5776,0.0,0.0,0.0,0.5776,0.0,0.0,0.0,2.3104,1
1517688703993203783,213,1517688692122225046,/gps,0,1,21.311845,-157.889276667,12.6,0.5776,0.0,0.0,0.0,0.5776,0.0,0.0,0.0,2.3104,1
1517688704974413150,214,1517688693081639051,/gps,0,1,21.3118466667,-157.889276667,12.6,0.5476,0.0,0.0,0.0,0.5476,0.0,0.0,0.0,2.1904,1
1517688705975779397,215,1517688694104891061,/gps,0,1,21.3118466667,-157.889276667,12.6,0.5476,0.0,0.0,0.0,0.5476,0.0,0.0,0.0,2.1904,1
1517688707034409431,216,1517688695128211975,/gps,0,1,21.3118466667,-157.889278333,12.6,0.5476,0.0,0.0,0.0,0.5476,0.0,0.0,0.0,2.1904,1
1517688708029364605,217,1517688696135720968,/gps,0,1,21.3118466667,-157.889278333,12.6,0.5476,0.0,0.0,0.0,0.5476,0.0,0.0,0.0,2.1904,1
1517688709009402593,218,1517688697110836029,/gps,0,1,21.3118466667,-157.88928,12.6,0.5476,0.0,0.0,0.0,0.5476,0.0,0.0,0.0,2.1904,1
1517688709981930047,219,1517688698118403911,/gps,0,1,21.3118466667,-157.88928,12.6,0.5041,0.0,0.0,0.0,0.5041,0.0,0.0,0.0,2.0164,1
1517688710940874152,220,1517688699061786890,/gps,0,1,21.3118466667,-157.88928,12.6,0.5041,0.0,0.0,0.0,0.5041,0.0,0.0,0.0,2.0164,1
1517688711989989291,221,1517688700101296901,/gps,0,1,21.3118466667,-157.88928,12.6,0.5041,0.0,0.0,0.0,0.5041,0.0,0.0,0.0,2.0164,1
1517688713017630113,222,1517688701060195922,/gps,0,1,21.311845,-157.889281667,12.6,0.5041,0.0,0.0,0.0,0.5041,0.0,0.0,0.0,2.0164,1
1517688713975211843,223,1517688702099832057,/gps,0,1,21.3118433333,-157.889281667,12.6,0.5041,0.0,0.0,0.0,0.5041,0.0,0.0,0.0,2.0164,1
1517688714981819283,224,1517688703058756113,/gps,0,1,21.3118433333,-157.889283333,12.6,0.5041,0.0,0.0,0.0,0.5041,0.0,0.0,0.0,2.0164,1
1517688716007916587,225,1517688704098443984,/gps,0,1,21.3118416667,-157.889283333,12.6,0.5041,0.0,0.0,0.0,0.5041,0.0,0.0,0.0,2.0164,1
1517688716921190234,226,1517688705041532039,/gps,0,1,21.3118416667,-157.889283333,12.6,0.5041,0.0,0.0,0.0,0.5041,0.0,0.0,0.0,2.0164,1
1517688717947963121,227,1517688706065062999,/gps,0,1,21.31184,-157.889281667,12.6,0.5041,0.0,0.0,0.0,0.5041,0.0,0.0,0.0,2.0164,1
1517688718976215190,228,1517688707088219881,/gps,0,1,21.31184,-157.889281667,12.6,0.5041,0.0,0.0,0.0,0.5041,0.0,0.0,0.0,2.0164,1
1517688719931308806,229,1517688708063565969,/gps,0,1,21.3118383333,-157.88928,12.6,0.5041,0.0,0.0,0.0,0.5041,0.0,0.0,0.0,2.0164,1
1517688720938676406,230,1517688709054969072,/gps,0,1,21.3118383333,-157.889278333,12.6,0.5041,0.0,0.0,0.0,0.5041,0.0,0.0,0.0,2.0164,1
1517688721916047794,231,1517688710046433925,/gps,0,1,21.3118383333,-157.889276667,12.6,0.5041,0.0,0.0,0.0,0.5041,0.0,0.0,0.0,2.0164,1
1517688722944846097,232,1517688711053822994,/gps,0,1,21.3118383333,-157.889276667,12.6,0.5041,0.0,0.0,0.0,0.5041,0.0,0.0,0.0,2.0164,1
1517688726040955756,233,1517688712108831882,/gps,0,1,21.3118366667,-157.889275,12.6,0.5041,0.0,0.0,0.0,0.5041,0.0,0.0,0.0,2.0164,1
1517688726040964606,234,1517688713116410017,/gps,0,1,21.3118366667,-157.889273333,12.6,0.5041,0.0,0.0,0.0,0.5041,0.0,0.0,0.0,2.0164,1
1517688726040967867,235,1517688714091720104,/gps,0,1,21.3118366667,-157.889273333,12.7,0.5041,0.0,0.0,0.0,0.5041,0.0,0.0,0.0,2.0164,1
1517688726933049151,236,1517688715067323923,/gps,0,1,21.3118366667,-157.889271667,12.7,0.5041,0.0,0.0,0.0,0.5041,0.0,0.0,0.0,2.0164,1
1517688728015059859,237,1517688716074470996,/gps,0,1,21.3118366667,-157.889271667,12.7,0.5041,0.0,0.0,0.0,0.5041,0.0,0.0,0.0,2.0164,1
1517688743585846830,238,1517688717097897052,/gps,0,1,21.3118366667,-157.88927,12.7,0.5041,0.0,0.0,0.0,0.5041,0.0,0.0,0.0,2.0164,1
1517688743585857403,239,1517688718105345010,/gps,0,1,21.3118366667,-157.88927,12.7,0.5041,0.0,0.0,0.0,0.5041,0.0,0.0,0.0,2.0164,1
1517688743585861812,240,1517688719096745967,/gps,0,1,21.3118366667,-157.88927,12.7,0.5041,0.0,0.0,0.0,0.5041,0.0,0.0,0.0,2.0164,1
1517688743585865581,241,1517688720103723049,/gps,0,1,21.311835,-157.889268333,12.7,0.5041,0.0,0.0,0.0,0.5041,0.0,0.0,0.0,2.0164,1
1517688743585869352,242,1517688721111368894,/gps,0,1,21.311835,-157.889268333,12.7,0.5041,0.0,0.0,0.0,0.5041,0.0,0.0,0.0,2.0164,1
1517688743585872924,243,1517688722086396932,/gps,0,1,21.311835,-157.889268333,12.7,0.5041,0.0,0.0,0.0,0.5041,0.0,0.0,0.0,2.0164,1
1517688743585890190,244,1517688723093916893,/gps,0,1,21.311835,-157.889266667,12.7,0.5041,0.0,0.0,0.0,0.5041,0.0,0.0,0.0,2.0164,1
1517688743585905788,245,1517688724037329912,/gps,0,1,21.3118366667,-157.889265,12.7,0.5041,0.0,0.0,0.0,0.5041,0.0,0.0,0.0,2.0164,1
1517688743585909170,246,1517688725124416112,/gps,0,1,21.3118366667,-157.889265,12.7,0.5041,0.0,0.0,0.0,0.5041,0.0,0.0,0.0,2.0164,1
1517688743585912695,247,1517688726051973104,/gps,0,1,21.3118366667,-157.889263333,12.7,0.5041,0.0,0.0,0.0,0.5041,0.0,0.0,0.0,2.0164,1
1517688743585917166,248,1517688727027000904,/gps,0,1,21.3118366667,-157.889263333,12.7,0.5041,0.0,0.0,0.0,0.5041,0.0,0.0,0.0,2.0164,1
1517688743586098269,249,1517688728098470926,/gps,0,1,21.3118366667,-157.889261667,12.7,0.5041,0.0,0.0,0.0,0.5041,0.0,0.0,0.0,2.0164,1
1517688743586104581,250,1517688729041923046,/gps,0,1,21.3118366667,-157.889263333,12.7,0.5041,0.0,0.0,0.0,0.5041,0.0,0.0,0.0,2.0164,1
1517688743586121278,251,1517688730049042940,/gps,0,1,21.3118366667,-157.889263333,12.7,0.5041,0.0,0.0,0.0,0.5041,0.0,0.0,0.0,2.0164,1
1517688743586125173,252,1517688731040218114,/gps,0,1,21.3118366667,-157.889263333,12.7,0.5041,0.0,0.0,0.0,0.5041,0.0,0.0,0.0,2.0164,1
1517688743909384659,253,1517688732047275066,/gps,0,1,21.3118366667,-157.889265,12.7,0.5041,0.0,0.0,0.0,0.5041,0.0,0.0,0.0,2.0164,1
1517688744998789742,254,1517688733102829933,/gps,0,1,21.3118366667,-157.889263333,12.7,0.5041,0.0,0.0,0.0,0.5041,0.0,0.0,0.0,2.0164,1
1517688745990984386,255,1517688734126144886,/gps,0,1,21.3118366667,-157.889263333,12.7,0.5041,0.0,0.0,0.0,0.5041,0.0,0.0,0.0,2.0164,1
1517688748462553188,256,1517688735101502895,/gps,0,1,21.3118383333,-157.889261667,12.7,0.5041,0.0,0.0,0.0,0.5041,0.0,0.0,0.0,2.0164,1
1517688748462568967,257,1517688736045080900,/gps,0,1,21.3118383333,-157.889261667,12.7,0.5041,0.0,0.0,0.0,0.5041,0.0,0.0,0.0,2.0164,1
1517688749006950856,258,1517688737068311929,/gps,0,1,21.3118383333,-157.889261667,12.7,0.5041,0.0,0.0,0.0,0.5041,0.0,0.0,0.0,2.0164,1
1517688749964614425,259,1517688738075490951,/gps,0,1,21.3118383333,-157.88926,12.7,0.5041,0.0,0.0,0.0,0.5041,0.0,0.0,0.0,2.0164,1
1517688750966986791,260,1517688739066844940,/gps,0,1,21.3118383333,-157.88926,12.7,0.5041,0.0,0.0,0.0,0.5041,0.0,0.0,0.0,2.0164,1
1517688752024415995,261,1517688740122189998,/gps,0,1,21.3118366667,-157.88926,12.7,0.5041,0.0,0.0,0.0,0.5041,0.0,0.0,0.0,2.0164,1
1517688753052432136,262,1517688741065516948,/gps,0,1,21.3118366667,-157.889258333,12.7,0.5041,0.0,0.0,0.0,0.5041,0.0,0.0,0.0,2.0164,1
1517688754002385978,263,1517688742072640895,/gps,0,1,21.3118366667,-157.889258333,12.7,0.5041,0.0,0.0,0.0,0.5041,0.0,0.0,0.0,2.0164,1
1517688755016025904,264,1517688743112127065,/gps,0,1,21.311835,-157.889256667,12.7,0.5041,0.0,0.0,0.0,0.5041,0.0,0.0,0.0,2.0164,1
1517688756290389675,265,1517688744087476968,/gps,0,1,21.311835,-157.889256667,12.7,0.5041,0.0,0.0,0.0,0.5041,0.0,0.0,0.0,2.0164,1
1517688772805843178,266,1517688745046719074,/gps,0,1,21.3118333333,-157.889256667,12.7,0.5041,0.0,0.0,0.0,0.5041,0.0,0.0,0.0,2.0164,1
1517688772805851623,267,1517688746086143970,/gps,0,1,21.3118333333,-157.889255,12.7,0.5041,0.0,0.0,0.0,0.5041,0.0,0.0,0.0,2.0164,1
1517688772805855228,268,1517688747077455997,/gps,0,1,21.3118333333,-157.889255,12.7,0.5041,0.0,0.0,0.0,0.5041,0.0,0.0,0.0,2.0164,1
1517688772805858807,269,1517688748036705970,/gps,0,1,21.311835,-157.889255,12.7,0.5041,0.0,0.0,0.0,0.5041,0.0,0.0,0.0,2.0164,1
1517688772805862506,270,1517688749044142961,/gps,0,1,21.311835,-157.889255,12.7,0.5041,0.0,0.0,0.0,0.5041,0.0,0.0,0.0,2.0164,1
1517688772805865917,271,1517688750051274061,/gps,0,1,21.311835,-157.889255,12.7,0.5041,0.0,0.0,0.0,0.5041,0.0,0.0,0.0,2.0164,1
1517688772805873098,272,1517688751042589902,/gps,0,1,21.311835,-157.889255,12.7,0.5041,0.0,0.0,0.0,0.5041,0.0,0.0,0.0,2.0164,1
1517688772805876560,273,1517688752034006118,/gps,0,1,21.311835,-157.889255,12.7,0.5041,0.0,0.0,0.0,0.5041,0.0,0.0,0.0,2.0164,1
1517688772805880235,274,1517688753057198047,/gps,0,1,21.311835,-157.889255,12.7,0.5041,0.0,0.0,0.0,0.5041,0.0,0.0,0.0,2.0164,1
1517688772805883313,275,1517688754112495899,/gps,0,1,21.311835,-157.889255,12.7,0.5041,0.0,0.0,0.0,0.5041,0.0,0.0,0.0,2.0164,1
1517688772805886262,276,1517688755103600025,/gps,0,1,21.311835,-157.889255,12.7,0.5041,0.0,0.0,0.0,0.5041,0.0,0.0,0.0,2.0164,1
1517688772822217102,277,1517688756111079931,/gps,0,1,21.3118366667,-157.889255,12.7,0.5329,0.0,0.0,0.0,0.5329,0.0,0.0,0.0,2.1316,1
1517688772822223709,278,1517688757054265975,/gps,0,1,21.311835,-157.889255,12.7,0.5041,0.0,0.0,0.0,0.5041,0.0,0.0,0.0,2.0164,1
1517688772822227261,279,1517688758061794042,/gps,0,1,21.311835,-157.889255,12.7,0.5041,0.0,0.0,0.0,0.5041,0.0,0.0,0.0,2.0164,1
1517688772822231627,280,1517688759101056098,/gps,0,1,21.311835,-157.889255,12.7,0.5041,0.0,0.0,0.0,0.5041,0.0,0.0,0.0,2.0164,1
1517688772822234855,281,1517688760092359066,/gps,0,1,21.3118333333,-157.889253333,12.7,0.5041,0.0,0.0,0.0,0.5041,0.0,0.0,0.0,2.0164,1
1517688773555098493,282,1517688761099678993,/gps,0,1,21.3118316667,-157.889253333,12.7,0.5041,0.0,0.0,0.0,0.5041,0.0,0.0,0.0,2.0164,1
1517688773912386369,283,1517688762042891025,/gps,0,1,21.3118316667,-157.889253333,12.7,0.5041,0.0,0.0,0.0,0.5041,0.0,0.0,0.0,2.0164,1
1517688774984163761,284,1517688763114083051,/gps,0,1,21.31183,-157.889251667,12.7,0.5041,0.0,0.0,0.0,0.5041,0.0,0.0,0.0,2.0164,1
1517688775981029184,285,1517688764121581077,/gps,0,1,21.3118283333,-157.889251667,12.7,0.5041,0.0,0.0,0.0,0.5041,0.0,0.0,0.0,2.0164,1
1517688776981845972,286,1517688765112936019,/gps,0,1,21.3118283333,-157.88925,12.7,0.5041,0.0,0.0,0.0,0.5041,0.0,0.0,0.0,2.0164,1
1517688777957555576,287,1517688766088118076,/gps,0,1,21.3118283333,-157.88925,12.7,0.5041,0.0,0.0,0.0,0.5041,0.0,0.0,0.0,2.0164,1
1517688778974843520,288,1517688767111711025,/gps,0,1,21.3118266667,-157.88925,12.7,0.5041,0.0,0.0,0.0,0.5041,0.0,0.0,0.0,2.0164,1
1517688780134060346,289,1517688768118756055,/gps,0,1,21.311825,-157.88925,12.7,0.5041,0.0,0.0,0.0,0.5041,0.0,0.0,0.0,2.0164,1
1517688781226886909,290,1517688769094361066,/gps,0,1,21.311825,-157.88925,12.7,0.5041,0.0,0.0,0.0,0.5041,0.0,0.0,0.0,2.0164,1
1517688783701132210,291,1517688770053559064,/gps,0,1,21.3118233333,-157.88925,12.7,0.5041,0.0,0.0,0.0,0.5041,0.0,0.0,0.0,2.0164,1
1517688783701151093,292,1517688771076967000,/gps,0,1,21.3118233333,-157.88925,12.7,0.5041,0.0,0.0,0.0,0.5041,0.0,0.0,0.0,2.0164,1
1517688784794425902,293,1517688772100080013,/gps,0,1,21.3118233333,-157.88925,12.7,0.5041,0.0,0.0,0.0,0.5041,0.0,0.0,0.0,2.0164,1
1517688787097075963,294,1517688773059663057,/gps,0,1,21.3118233333,-157.88925,12.7,0.5041,0.0,0.0,0.0,0.5041,0.0,0.0,0.0,2.0164,1
1517688787097085141,295,1517688774050735950,/gps,0,1,21.3118233333,-157.889248333,12.7,0.5041,0.0,0.0,0.0,0.5041,0.0,0.0,0.0,2.0164,1
1517688787097089775,296,1517688775074115991,/gps,0,1,21.3118233333,-157.88925,12.7,0.5329,0.0,0.0,0.0,0.5329,0.0,0.0,0.0,2.1316,1
1517688787927488934,297,1517688776065273046,/gps,0,1,21.3118233333,-157.88925,12.7,0.5329,0.0,0.0,0.0,0.5329,0.0,0.0,0.0,2.1316,1
1517688789552756788,298,1517688777072551965,/gps,0,1,21.311825,-157.88925,12.8,0.5329,0.0,0.0,0.0,0.5329,0.0,0.0,0.0,2.1316,1
1517688789938542840,299,1517688778048182010,/gps,0,1,21.3118266667,-157.88925,12.8,0.5041,0.0,0.0,0.0,0.5041,0.0,0.0,0.0,2.0164,1
1517688790981799232,300,1517688779119244098,/gps,0,1,21.3118266667,-157.889251667,12.8,0.5041,0.0,0.0,0.0,0.5041,0.0,0.0,0.0,2.0164,1
1517688791971277568,301,1517688780110522985,/gps,0,1,21.3118266667,-157.889251667,12.8,0.5041,0.0,0.0,0.0,0.5041,0.0,0.0,0.0,2.0164,1
1517688792993988948,302,1517688781117963075,/gps,0,1,21.3118283333,-157.889253333,12.8,0.5041,0.0,0.0,0.0,0.5041,0.0,0.0,0.0,2.0164,1
1517688793991179411,303,1517688782093393087,/gps,0,1,21.3118283333,-157.889251667,12.8,0.5329,0.0,0.0,0.0,0.5329,0.0,0.0,0.0,2.1316,1
1517688795470450420,304,1517688783116796016,/gps,0,1,21.31183,-157.889251667,12.8,0.5041,0.0,0.0,0.0,0.5041,0.0,0.0,0.0,2.0164,1
1517688799468521698,305,1517688784108133077,/gps,0,1,21.31183,-157.889251667,12.8,0.5041,0.0,0.0,0.0,0.5041,0.0,0.0,0.0,2.0164,1
1517688799468526120,306,1517688785083545923,/gps,0,1,21.31183,-157.889251667,12.8,0.5041,0.0,0.0,0.0,0.5041,0.0,0.0,0.0,2.0164,1
1517688799468547806,307,1517688786122800111,/gps,0,1,21.3118316667,-157.889253333,12.8,0.5041,0.0,0.0,0.0,0.5041,0.0,0.0,0.0,2.0164,1
1517688799468550917,308,1517688787098148107,/gps,0,1,21.3118316667,-157.889253333,12.8,0.5041,0.0,0.0,0.0,0.5041,0.0,0.0,0.0,2.0164,1
1517688800024348397,309,1517688788121419906,/gps,0,1,21.3118316667,-157.889253333,12.8,0.5041,0.0,0.0,0.0,0.5041,0.0,0.0,0.0,2.0164,1
1517688800994278025,310,1517688789112682104,/gps,0,1,21.3118316667,-157.889253333,12.8,0.5041,0.0,0.0,0.0,0.5041,0.0,0.0,0.0,2.0164,1
1517688801937889689,311,1517688790056276082,/gps,0,1,21.3118316667,-157.889253333,12.8,0.5041,0.0,0.0,0.0,0.5041,0.0,0.0,0.0,2.0164,1
1517688802914145650,312,1517688791047250032,/gps,0,1,21.3118316667,-157.889251667,12.8,0.5041,0.0,0.0,0.0,0.5041,0.0,0.0,0.0,2.0164,1
1517688804300642754,313,1517688792054553031,/gps,0,1,21.3118316667,-157.889251667,12.8,0.5041,0.0,0.0,0.0,0.5041,0.0,0.0,0.0,2.0164,1
1517688804991740124,314,1517688793109781026,/gps,0,1,21.3118316667,-157.889251667,12.8,0.5041,0.0,0.0,0.0,0.5041,0.0,0.0,0.0,2.0164,1
1517688805913769019,315,1517688794037281036,/gps,0,1,21.3118316667,-157.889253333,12.8,0.5041,0.0,0.0,0.0,0.5041,0.0,0.0,0.0,2.0164,1
1517688806931370561,316,1517688795044461011,/gps,0,1,21.3118333333,-157.889253333,12.8,0.5041,0.0,0.0,0.0,0.5041,0.0,0.0,0.0,2.0164,1
1517688807943950439,317,1517688796051976919,/gps,0,1,21.3118333333,-157.889255,12.8,0.5041,0.0,0.0,0.0,0.5041,0.0,0.0,0.0,2.0164,1
1517688808912546557,318,1517688797043214082,/gps,0,1,21.3118333333,-157.889255,12.8,0.5041,0.0,0.0,0.0,0.5041,0.0,0.0,0.0,2.0164,1
1517688809944847572,319,1517688798066545963,/gps,0,1,21.311835,-157.889256667,12.8,0.5041,0.0,0.0,0.0,0.5041,0.0,0.0,0.0,2.0164,1
1517688810926375311,320,1517688799041640996,/gps,0,1,21.311835,-157.889256667,12.8,0.5041,0.0,0.0,0.0,0.5041,0.0,0.0,0.0,2.0164,1
1517688811973468591,321,1517688800096894025,/gps,0,1,21.311835,-157.889255,12.8,0.5041,0.0,0.0,0.0,0.5041,0.0,0.0,0.0,2.0164,1
1517688812980383170,322,1517688801120146036,/gps,0,1,21.311835,-157.889255,12.8,0.5041,0.0,0.0,0.0,0.5041,0.0,0.0,0.0,2.0164,1
1517688813977988027,323,1517688802095722913,/gps,0,1,21.311835,-157.889255,12.8,0.5041,0.0,0.0,0.0,0.5041,0.0,0.0,0.0,2.0164,1
1517688814968794169,324,1517688803103086948,/gps,0,1,21.311835,-157.889255,12.8,0.5041,0.0,0.0,0.0,0.5041,0.0,0.0,0.0,2.0164,1
1517688815984798071,325,1517688804110512971,/gps,0,1,21.311835,-157.889255,12.8,0.5041,0.0,0.0,0.0,0.5041,0.0,0.0,0.0,2.0164,1
1517688816965674369,326,1517688805101687908,/gps,0,1,21.311835,-157.889253333,12.8,0.5041,0.0,0.0,0.0,0.5041,0.0,0.0,0.0,2.0164,1
1517688817993865977,327,1517688806092976093,/gps,0,1,21.311835,-157.889253333,12.8,0.5041,0.0,0.0,0.0,0.5041,0.0,0.0,0.0,2.0164,1
1517688818951721665,328,1517688807084388017,/gps,0,1,21.311835,-157.889253333,12.8,0.5041,0.0,0.0,0.0,0.5041,0.0,0.0,0.0,2.0164,1
1517688819916637663,329,1517688808043622970,/gps,0,1,21.311835,-157.889253333,12.8,0.5041,0.0,0.0,0.0,0.5041,0.0,0.0,0.0,2.0164,1
1517688821021173593,330,1517688809082950115,/gps,0,1,21.3118333333,-157.889253333,12.8,0.5041,0.0,0.0,0.0,0.5041,0.0,0.0,0.0,2.0164,1
1517688821974514843,331,1517688810106203079,/gps,0,1,21.3118333333,-157.889253333,12.8,0.5041,0.0,0.0,0.0,0.5041,0.0,0.0,0.0,2.0164,1
