%time,field.header.seq,field.header.stamp,field.header.frame_id,field.status.status,field.status.service,field.latitude,field.longitude,field.altitude,field.position_covariance0,field.position_covariance1,field.position_covariance2,field.position_covariance3,field.position_covariance4,field.position_covariance5,field.position_covariance6,field.position_covariance7,field.position_covariance8,field.position_covariance_type
1517688492116279083,1,1517688480140762090,/gps,1,1,21.3117966667,-157.88928,9.9,0.5329,0.0,0.0,0.0,0.5329,0.0,0.0,0.0,2.1316,1
1517688492989340351,2,1517688481132471084,/gps,1,1,21.3117966667,-157.88928,9.9,0.5329,0.0,0.0,0.0,0.5329,0.0,0.0,0.0,2.1316,1
1517688494013108382,3,1517688482140078067,/gps,1,1,21.3117966667,-157.88928,9.9,0.5329,0.0,0.0,0.0,0.5329,0.0,0.0,0.0,2.1316,1
1517688494998021666,4,1517688483131616115,/gps,1,1,21.3117966667,-157.88928,9.9,0.5329,0.0,0.0,0.0,0.5329,0.0,0.0,0.0,2.1316,1
1517688496016626785,5,1517688484139528036,/gps,1,1,21.3117966667,-157.88928,9.9,0.5329,0.0,0.0,0.0,0.5329,0.0,0.0,0.0,2.1316,1
1517688497004934772,6,1517688485130939006,/gps,1,1,21.3117966667,-157.88928,9.9,0.5329,0.0,0.0,0.0,0.5329,0.0,0.0,0.0,2.1316,1
1517688498024419444,7,1517688486154747962,/gps,1,1,21.3117966667,-157.88928,9.9,0.5329,0.0,0.0,0.0,0.5329,0.0,0.0,0.0,2.1316,1
1517688499023159498,8,1517688487146295070,/gps,1,1,21.3117966667,-157.88928,9.9,0.5329,0.0,0.0,0.0,0.5329,0.0,0.0,0.0,2.1316,1
1517688499995762297,9,1517688488138035058,/gps,1,1,21.3117966667,-157.88928,10.0,0.5329,0.0,0.0,0.0,0.5329,0.0,0.0,0.0,2.1316,1
1517688501008216853,10,1517688489145665884,/gps,1,1,21.3117966667,-157.88928,10.0,0.5329,0.0,0.0,0.0,0.5329,0.0,0.0,0.0,2.1316,1
1517688501931451744,11,1517688490073440074,/gps,1,1,21.3117966667,-157.88928,10.0,0.5329,0.0,0.0,0.0,0.5329,0.0,0.0,0.0,2.1316,1
1517688502919776177,12,1517688491064934015,/gps,1,1,21.3117966667,-157.88928,10.0,0.5329,0.0,0.0,0.0,0.5329,0.0,0.0,0.0,2.1316,1
1517688503968473110,13,1517688492104662895,/gps,1,1,21.3117966667,-157.88928,10.0,0.5329,0.0,0.0,0.0,0.5329,0.0,0.0,0.0,2.1316,1
1517688504927988236,14,1517688493064256906,/gps,0,1,21.3117966667,-157.88928,10.0,0.5329,0.0,0.0,0.0,0.5329,0.0,0.0,0.0,2.1316,1
1517688505931906088,15,1517688494055973052,/gps,0,1,21.3117966667,-157.88928,10.0,0.5329,0.0,0.0,0.0,0.5329,0.0,0.0,0.0,2.1316,1
1517688506921578212,16,1517688495063628911,/gps,0,1,21.3117966667,-157.88928,10.0,0.5329,0.0,0.0,0.0,0.5329,0.0,0.0,0.0,2.1316,1
1517688507930356870,17,1517688496071439981,/gps,0,1,21.3117966667,-157.88928,10.0,0.5329,0.0,0.0,0.0,0.5329,0.0,0.0,0.0,2.1316,1
1517688508948919081,18,1517688497095078945,/gps,0,1,21.3117966667,-157.88928,10.0,0.5329,0.0,0.0,0.0,0.5329,0.0,0.0,0.0,2.1316,1
1517688509923864121,19,1517688498054815053,/gps,0,1,21.3117966667,-157.88928,10.0,0.5625,0.0,0.0,0.0,0.5625,0.0,0.0,0.0,2.25,1
1517688510977364342,20,1517688499110491991,/gps,0,1,21.3117966667,-157.88928,10.0,0.5625,0.0,0.0,0.0,0.5625,0.0,0.0,0.0,2.25,1
1517688511983607070,21,1517688500118022918,/gps,0,1,21.3117966667,-157.88928,10.0,0.5625,0.0,0.0,0.0,0.5625,0.0,0.0,0.0,2.25,1
1517688512967068794,22,1517688501093918085,/gps,0,1,21.3117966667,-157.88928,10.0,0.5625,0.0,0.0,0.0,0.5625,0.0,0.0,0.0,2.25,1
1517688513976069784,23,1517688502101492881,/gps,0,1,21.3117966667,-157.88928,10.0,0.5625,0.0,0.0,0.0,0.5625,0.0,0.0,0.0,2.25,1
1517688514988182824,24,1517688503108993053,/gps,0,1,21.3117966667,-157.88928,10.0,0.5625,0.0,0.0,0.0,0.5625,0.0,0.0,0.0,2.25,1
1517688516016132457,25,1517688504132540941,/gps,0,1,21.3117966667,-157.889281667,10.0,0.5625,0.0,0.0,0.0,0.5625,0.0,0.0,0.0,2.25,1
1517688516976556011,26,1517688505108095884,/gps,0,1,21.3117966667,-157.889281667,10.0,0.5625,0.0,0.0,0.0,0.5625,0.0,0.0,0.0,2.25,1
1517688517938103821,27,1517688506052057027,/gps,0,1,21.3117966667,-157.889281667,10.0,0.5625,0.0,0.0,0.0,0.5625,0.0,0.0,0.0,2.25,1
1517688518955760370,28,1517688507075695037,/gps,0,1,21.3117966667,-157.889281667,10.0,0.5625,0.0,0.0,0.0,0.5625,0.0,0.0,0.0,2.25,1
1517688520005897460,29,1517688508131222009,/gps,0,1,21.3117966667,-157.889281667,10.0,0.5625,0.0,0.0,0.0,0.5625,0.0,0.0,0.0,2.25,1
1517688520961003696,30,1517688509106997966,/gps,0,1,21.3117966667,-157.889281667,10.0,0.5625,0.0,0.0,0.0,0.5625,0.0,0.0,0.0,2.25,1
1517688521988998944,31,1517688510130626916,/gps,0,1,21.3117966667,-157.889281667,10.1,0.5625,0.0,0.0,0.0,0.5625,0.0,0.0,0.0,2.25,1
1517688522984682460,32,1517688511106416940,/gps,0,1,21.3117966667,-157.889281667,10.1,0.5625,0.0,0.0,0.0,0.5625,0.0,0.0,0.0,2.25,1
1517688523947802244,33,1517688512082122087,/gps,0,1,21.3117966667,-157.889281667,10.1,0.5625,0.0,0.0,0.0,0.5625,0.0,0.0,0.0,2.25,1
1517688524961099449,34,1517688513073702096,/gps,0,1,21.3117966667,-157.889281667,10.1,0.5625,0.0,0.0,0.0,0.5625,0.0,0.0,0.0,2.25,1
1517688525925396064,35,1517688514065293073,/gps,0,1,21.3117966667,-157.889281667,10.1,0.5625,0.0,0.0,0.0,0.5625,0.0,0.0,0.0,2.25,1
1517688526930420857,36,1517688515057106971,/gps,0,1,21.3117966667,-157.889281667,10.1,0.5625,0.0,0.0,0.0,0.5625,0.0,0.0,0.0,2.25,1
1517688527945787243,37,1517688516064891099,/gps,0,1,21.3117966667,-157.889281667,10.1,0.5625,0.0,0.0,0.0,0.5625,0.0,0.0,0.0,2.25,1
1517688528939900097,38,1517688517072403907,/gps,0,1,21.3117966667,-157.889281667,10.1,0.5625,0.0,0.0,0.0,0.5625,0.0,0.0,0.0,2.25,1
1517688529954450296,39,1517688518096080064,/gps,0,1,21.3117966667,-157.889281667,10.1,0.5625,0.0,0.0,0.0,0.5625,0.0,0.0,0.0,2.25,1
1517688530919723521,40,1517688519055721044,/gps,0,1,21.3117966667,-157.889281667,10.1,0.5625,0.0,0.0,0.0,0.5625,0.0,0.0,0.0,2.25,1
1517688532014076651,41,1517688520111598014,/gps,0,1,21.3117966667,-157.889281667,10.1,0.5625,0.0,0.0,0.0,0.5625,0.0,0.0,0.0,2.25,1
1517688532987369797,42,1517688521118923902,/gps,0,1,21.3117966667,-157.889281667,10.1,0.5625,0.0,0.0,0.0,0.5625,0.0,0.0,0.0,2.25,1
1517688534018169590,43,1517688522142708063,/gps,0,1,21.3117966667,-157.889281667,10.1,0.5625,0.0,0.0,0.0,0.5625,0.0,0.0,0.0,2.25,1
1517688534990179081,44,1517688523118645906,/gps,0,1,21.3117966667,-157.889281667,10.1,0.5625,0.0,0.0,0.0,0.5625,0.0,0.0,0.0,2.25,1
1517688535986821864,45,1517688524126183032,/gps,0,1,21.3117966667,-157.889281667,10.1,0.5625,0.0,0.0,0.0,0.5625,0.0,0.0,0.0,2.25,1
1517688537019986940,46,1517688525133738994,/gps,0,1,21.3117966667,-157.889281667,10.1,0.5625,0.0,0.0,0.0,0.5625,0.0,0.0,0.0,2.25,1
1517688538000632218,47,1517688526125444889,/gps,0,1,21.3117966667,-157.889281667,10.1,0.5625,0.0,0.0,0.0,0.5625,0.0,0.0,0.0,2.25,1
1517688538935965373,48,1517688527069199085,/gps,0,1,21.3117966667,-157.889281667,10.2,0.5625,0.0,0.0,0.0,0.5625,0.0,0.0,0.0,2.25,1
1517688539935049149,49,1517688528076983928,/gps,0,1,21.3117966667,-157.889281667,10.2,0.5625,0.0,0.0,0.0,0.5625,0.0,0.0,0.0,2.25,1
1517688540944407076,50,1517688529084336996,/gps,0,1,21.3117966667,-157.889281667,10.2,0.5625,0.0,0.0,0.0,0.5625,0.0,0.0,0.0,2.25,1
1517688541998050572,51,1517688530123980045,/gps,0,1,21.3117966667,-157.889281667,10.2,0.5625,0.0,0.0,0.0,0.5625,0.0,0.0,0.0,2.25,1
1517688542944209211,52,1517688531083581924,/gps,0,1,21.3117966667,-157.889281667,10.2,0.5625,0.0,0.0,0.0,0.5625,0.0,0.0,0.0,2.25,1
1517688543998328881,53,1517688532123342037,/gps,0,1,21.3117966667,-157.889281667,10.2,0.5625,0.0,0.0,0.0,0.5625,0.0,0.0,0.0,2.25,1
1517688544990704072,54,1517688533114937067,/gps,0,1,21.3117966667,-157.889281667,10.2,0.5625,0.0,0.0,0.0,0.5625,0.0,0.0,0.0,2.25,1
1517688545980263927,55,1517688534090714931,/gps,0,1,21.3117966667,-157.889281667,10.2,0.5625,0.0,0.0,0.0,0.5625,0.0,0.0,0.0,2.25,1
1517688547007752189,56,1517688535130320072,/gps,0,1,21.3117966667,-157.889281667,10.2,0.5625,0.0,0.0,0.0,0.5625,0.0,0.0,0.0,2.25,1
1517688547965793212,57,1517688536089850902,/gps,0,1,21.3117966667,-157.889281667,10.2,0.5625,0.0,0.0,0.0,0.5625,0.0,0.0,0.0,2.25,1
1517688548937441181,58,1517688537081459045,/gps,0,1,21.3117966667,-157.889281667,10.2,0.5625,0.0,0.0,0.0,0.5625,0.0,0.0,0.0,2.25,1
1517688549915849614,59,1517688538057337999,/gps,0,1,21.3117966667,-157.889281667,10.2,0.5625,0.0,0.0,0.0,0.5625,0.0,0.0,0.0,2.25,1
1517688550964071841,60,1517688539097146034,/gps,0,1,21.3117966667,-157.889281667,10.2,0.5625,0.0,0.0,0.0,0.5625,0.0,0.0,0.0,2.25,1
1517688551937349112,61,1517688540072604894,/gps,0,1,21.3117966667,-157.88928,10.2,0.5625,0.0,0.0,0.0,0.5625,0.0,0.0,0.0,2.25,1
1517688553015801980,62,1517688541128133058,/gps,0,1,21.3117966667,-157.88928,10.3,0.5625,0.0,0.0,0.0,0.5625,0.0,0.0,0.0,2.25,1
1517688553999100703,63,1517688542120066881,/gps,0,1,21.3117966667,-157.889281667,10.3,0.5625,0.0,0.0,0.0,0.5625,0.0,0.0,0.0,2.25,1
1517688554978703567,64,1517688543095449924,/gps,0,1,21.3117966667,-157.88928,10.3,0.6241,0.0,0.0,0.0,0.6241,0.0,0.0,0.0,2.4964,1
1517688555974493458,65,1517688544103075027,/gps,0,1,21.3117966667,-157.88928,10.3,0.6241,0.0,0.0,0.0,0.6241,0.0,0.0,0.0,2.4964,1
1517688556972945557,66,1517688545094831943,/gps,0,1,21.3117966667,-157.88928,10.3,0.6241,0.0,0.0,0.0,0.6241,0.0,0.0,0.0,2.4964,1
1517688557993539097,67,1517688546118616104,/gps,0,1,21.3117966667,-157.88928,10.3,0.6241,0.0,0.0,0.0,0.6241,0.0,0.0,0.0,2.4964,1
1517688558963176773,68,1517688547094120025,/gps,0,1,21.3117966667,-157.88928,10.3,0.6241,0.0,0.0,0.0,0.6241,0.0,0.0,0.0,2.4964,1
1517688559919005428,69,1517688548038017988,/gps,0,1,21.3117966667,-157.88928,10.3,0.6241,0.0,0.0,0.0,0.6241,0.0,0.0,0.0,2.4964,1
1517688560906916049,70,1517688549045690059,/gps,0,1,21.3117966667,-157.88928,10.3,0.6241,0.0,0.0,0.0,0.6241,0.0,0.0,0.0,2.4964,1
1517688561899589652,71,1517688550037281036,/gps,0,1,21.3117966667,-157.88928,10.3,0.6241,0.0,0.0,0.0,0.6241,0.0,0.0,0.0,2.4964,1
1517688562983367980,72,1517688551124730110,/gps,0,1,21.3117966667,-157.88928,10.4,0.6241,0.0,0.0,0.0,0.6241,0.0,0.0,0.0,2.4964,1
1517688563959116635,73,1517688552068464994,/gps,0,1,21.3117966667,-157.88928,10.4,0.6241,0.0,0.0,0.0,0.6241,0.0,0.0,0.0,2.4964,1
1517688564964199313,74,1517688553092201948,/gps,0,1,21.3117966667,-157.88928,10.4,0.6241,0.0,0.0,0.0,0.6241,0.0,0.0,0.0,2.4964,1
1517688565980095058,75,1517688554099704027,/gps,0,1,21.3117966667,-157.88928,10.4,0.6241,0.0,0.0,0.0,0.6241,0.0,0.0,0.0,2.4964,1
1517688566960716592,76,1517688555043484926,/gps,0,1,21.3117966667,-157.88928,10.4,0.6241,0.0,0.0,0.0,0.6241,0.0,0.0,0.0,2.4964,1
1517688567965429124,77,1517688556098961114,/gps,0,1,21.3117966667,-157.88928,10.4,0.6241,0.0,0.0,0.0,0.6241,0.0,0.0,0.0,2.4964,1
1517688568915053224,78,1517688557058825016,/gps,0,1,21.3117966667,-157.88928,10.4,0.6241,0.0,0.0,0.0,0.6241,0.0,0.0,0.0,2.4964,1
1517688569920086105,79,1517688558050477027,/gps,0,1,21.3117966667,-157.88928,10.4,0.6241,0.0,0.0,0.0,0.6241,0.0,0.0,0.0,2.4964,1
1517688570904093489,80,1517688559042301893,/gps,0,1,21.3117966667,-157.88928,10.4,0.6241,0.0,0.0,0.0,0.6241,0.0,0.0,0.0,2.4964,1
1517688571943189463,81,1517688560065664052,/gps,0,1,21.3117966667,-157.88928,10.4,0.6241,0.0,0.0,0.0,0.6241,0.0,0.0,0.0,2.4964,1
1517688572985339040,82,1517688561105396986,/gps,0,1,21.3117966667,-157.88928,10.4,0.6241,0.0,0.0,0.0,0.6241,0.0,0.0,0.0,2.4964,1
1517688573985111390,83,1517688562097136974,/gps,0,1,21.3117966667,-157.88928,10.4,0.6241,0.0,0.0,0.0,0.6241,0.0,0.0,0.0,2.4964,1
1517688574974253739,84,1517688563088901996,/gps,0,1,21.3117966667,-157.88928,10.4,0.6241,0.0,0.0,0.0,0.6241,0.0,0.0,0.0,2.4964,1
1517688575963213751,85,1517688564064336061,/gps,0,1,21.3117966667,-157.88928,10.4,0.6241,0.0,0.0,0.0,0.6241,0.0,0.0,0.0,2.4964,1
1517688576964983966,86,1517688565088135957,/gps,0,1,21.3117966667,-157.88928,10.5,0.6241,0.0,0.0,0.0,0.6241,0.0,0.0,0.0,2.4964,1
1517688577989244356,87,1517688566111773967,/gps,0,1,21.3117966667,-157.88928,10.5,0.6241,0.0,0.0,0.0,0.6241,0.0,0.0,0.0,2.4964,1
1517688578969457424,88,1517688567103130102,/gps,0,1,21.3117966667,-157.88928,10.5,0.6241,0.0,0.0,0.0,0.6241,0.0,0.0,0.0,2.4964,1
1517688580000697719,89,1517688568110985994,/gps,0,1,21.3117966667,-157.88928,10.5,0.6241,0.0,0.0,0.0,0.6241,0.0,0.0,0.0,2.4964,1
1517688580960107821,90,1517688569086525917,/gps,0,1,21.3117966667,-157.88928,10.5,0.6241,0.0,0.0,0.0,0.6241,0.0,0.0,0.0,2.4964,1
1517688581946910701,91,1517688570062165975,/gps,0,1,21.3117966667,-157.88928,10.5,0.6241,0.0,0.0,0.0,0.6241,0.0,0.0,0.0,2.4964,1
1517688582916182317,92,1517688571037970066,/gps,0,1,21.3117966667,-157.88928,10.5,0.6241,0.0,0.0,0.0,0.6241,0.0,0.0,0.0,2.4964,1
1517688583950831730,93,1517688572093619108,/gps,0,1,21.3117966667,-157.88928,10.5,0.6241,0.0,0.0,0.0,0.6241,0.0,0.0,0.0,2.4964,1
1517688584909122798,94,1517688573053241968,/gps,0,1,21.3117966667,-157.88928,10.5,0.6241,0.0,0.0,0.0,0.6241,0.0,0.0,0.0,2.4964,1
1517688585958759472,95,1517688574093034982,/gps,0,1,21.3117966667,-157.88928,10.5,0.6241,0.0,0.0,0.0,0.6241,0.0,0.0,0.0,2.4964,1
1517688586957078728,96,1517688575100424051,/gps,0,1,21.3117966667,-157.88928,10.5,0.6241,0.0,0.0,0.0,0.6241,0.0,0.0,0.0,2.4964,1
1517688587919098949,97,1517688576060230016,/gps,0,1,21.3117966667,-157.88928,10.5,0.6241,0.0,0.0,0.0,0.6241,0.0,0.0,0.0,2.4964,1
1517688588967289287,98,1517688577099785089,/gps,0,1,21.3117966667,-157.88928,10.5,0.6241,0.0,0.0,0.0,0.6241,0.0,0.0,0.0,2.4964,1
1517688589959849687,99,1517688578091674089,/gps,0,1,21.3117966667,-157.88928,10.5,0.6241,0.0,0.0,0.0,0.6241,0.0,0.0,0.0,2.4964,1
1517688590906749251,100,1517688579051130056,/gps,0,1,21.3117966667,-157.88928,10.5,0.6241,0.0,0.0,0.0,0.6241,0.0,0.0,0.0,2.4964,1
1517688591921140559,101,1517688580058768033,/gps,0,1,21.3117966667,-157.88928,10.5,0.5625,0.0,0.0,0.0,0.5625,0.0,0.0,0.0,2.25,1
1517688592892060457,102,1517688581034552097,/gps,0,1,21.3117966667,-157.88928,10.5,0.6241,0.0,0.0,0.0,0.6241,0.0,0.0,0.0,2.4964,1
1517688593968238301,103,1517688582106184005,/gps,0,1,21.3117966667,-157.88928,10.5,0.6241,0.0,0.0,0.0,0.6241,0.0,0.0,0.0,2.4964,1
1517688594994146753,104,1517688583113688945,/gps,0,1,21.311795,-157.88928,10.5,0.6241,0.0,0.0,0.0,0.6241,0.0,0.0,0.0,2.4964,1
1517688595990295144,105,1517688584105488061,/gps,0,1,21.311795,-157.88928,10.5,0.6241,0.0,0.0,0.0,0.6241,0.0,0.0,0.0,2.4964,1
1517688596912028521,106,1517688585049077033,/gps,0,1,21.311795,-157.88928,10.5,0.6241,0.0,0.0,0.0,0.6241,0.0,0.0,0.0,2.4964,1
1517688597961229321,107,1517688586104856967,/gps,0,1,21.311795,-157.88928,10.5,0.6241,0.0,0.0,0.0,0.6241,0.0,0.0,0.0,2.4964,1
1517688598957230827,108,1517688587096515893,/gps,0,1,21.311795,-157.88928,10.5,0.6241,0.0,0.0,0.0,0.6241,0.0,0.0,0.0,2.4964,1
1517688599986443665,109,1517688588104110002,/gps,0,1,21.3117966667,-157.88928,10.5,0.6241,0.0,0.0,0.0,0.6241,0.0,0.0,0.0,2.4964,1
1517688600972135895,110,1517688589111629962,/gps,0,1,21.3117966667,-157.88928,10.5,0.6241,0.0,0.0,0.0,0.6241,0.0,0.0,0.0,2.4964,1
1517688601945257488,111,1517688590071172952,/gps,0,1,21.311795,-157.88928,10.5,0.6241,0.0,0.0,0.0,0.6241,0.0,0.0,0.0,2.4964,1
1517688602988975063,112,1517688591111123085,/gps,0,1,21.311795,-157.88928,10.5,0.6241,0.0,0.0,0.0,0.6241,0.0,0.0,0.0,2.4964,1
1517688603976236712,113,1517688592102601051,/gps,0,1,21.311795,-157.88928,10.5,0.6241,0.0,0.0,0.0,0.6241,0.0,0.0,0.0,2.4964,1
1517688604968893502,114,1517688593110326051,/gps,0,1,21.311795,-157.88928,10.5,0.6241,0.0,0.0,0.0,0.6241,0.0,0.0,0.0,2.4964,1
1517688605967900768,115,1517688594085956096,/gps,0,1,21.311795,-157.88928,10.5,0.6241,0.0,0.0,0.0,0.6241,0.0,0.0,0.0,2.4964,1
1517688607010484142,116,1517688595125435113,/gps,0,1,21.311795,-157.88928,10.6,0.6241,0.0,0.0,0.0,0.6241,0.0,0.0,0.0,2.4964,1
1517688607968373742,117,1517688596085352897,/gps,0,1,21.311795,-157.88928,10.6,0.6241,0.0,0.0,0.0,0.6241,0.0,0.0,0.0,2.4964,1
1517688608945522980,118,1517688597076885938,/gps,0,1,21.311795,-157.88928,10.6,0.6241,0.0,0.0,0.0,0.6241,0.0,0.0,0.0,2.4964,1
1517688609942506747,119,1517688598084613084,/gps,0,1,21.311795,-157.88928,10.6,0.6241,0.0,0.0,0.0,0.6241,0.0,0.0,0.0,2.4964,1
1517688610919884073,120,1517688599060188055,/gps,0,1,21.311795,-157.88928,10.6,0.6241,0.0,0.0,0.0,0.6241,0.0,0.0,0.0,2.4964,1
1517688611958982459,121,1517688600052064895,/gps,0,1,21.311795,-157.88928,10.6,0.6241,0.0,0.0,0.0,0.6241,0.0,0.0,0.0,2.4964,1
1517688612917312166,122,1517688601043606042,/gps,0,1,21.311795,-157.88928,10.6,0.6241,0.0,0.0,0.0,0.6241,0.0,0.0,0.0,2.4964,1
1517688613929949807,123,1517688602067182064,/gps,0,1,21.311795,-157.88928,10.6,0.6241,0.0,0.0,0.0,0.6241,0.0,0.0,0.0,2.4964,1
1517688615962105756,125,1517688604098532915,/gps,0,1,21.311795,-157.88928,10.6,0.6241,0.0,0.0,0.0,0.6241,0.0,0.0,0.0,2.4964,1
1517688616983190037,126,1517688605106126070,/gps,0,1,21.311795,-157.88928,10.6,0.6241,0.0,0.0,0.0,0.6241,0.0,0.0,0.0,2.4964,1
1517688617925104429,127,1517688606049838066,/gps,0,1,21.311795,-157.88928,10.6,0.6241,0.0,0.0,0.0,0.6241,0.0,0.0,0.0,2.4964,1
1517688618970177949,128,1517688607089417934,/gps,0,1,21.311795,-157.88928,10.6,0.6241,0.0,0.0,0.0,0.6241,0.0,0.0,0.0,2.4964,1
1517688619953861137,129,1517688608080944061,/gps,0,1,21.311795,-157.88928,10.6,0.6241,0.0,0.0,0.0,0.6241,0.0,0.0,0.0,2.4964,1
1517688620952291633,130,1517688609088664054,/gps,0,1,21.311795,-157.88928,10.6,0.6241,0.0,0.0,0.0,0.6241,0.0,0.0,0.0,2.4964,1
1517688621936619869,131,1517688610080133914,/gps,0,1,21.311795,-157.88928,10.6,0.6241,0.0,0.0,0.0,0.6241,0.0,0.0,0.0,2.4964,1
1517688622914635368,132,1517688611039767026,/gps,0,1,21.311795,-157.88928,10.6,0.6241,0.0,0.0,0.0,0.6241,0.0,0.0,0.0,2.4964,1
1517688623922493311,133,1517688612063543081,/gps,0,1,21.311795,-157.88928,10.6,0.5929,0.0,0.0,0.0,0.5929,0.0,0.0,0.0,2.3716,1
1517688624996130990,134,1517688613103056907,/gps,0,1,21.311795,-157.88928,10.6,0.5929,0.0,0.0,0.0,0.5929,0.0,0.0,0.0,2.3716,1
1517688625991580684,135,1517688614126656055,/gps,0,1,21.311795,-157.88928,10.6,0.5929,0.0,0.0,0.0,0.5929,0.0,0.0,0.0,2.3716,1
1517688626935736519,136,1517688615054881095,/gps,0,1,21.311795,-157.88928,10.6,0.5929,0.0,0.0,0.0,0.5929,0.0,0.0,0.0,2.3716,1
1517688627966270494,137,1517688616110065937,/gps,0,1,21.311795,-157.88928,10.6,0.5929,0.0,0.0,0.0,0.5929,0.0,0.0,0.0,2.3716,1
1517688629005159499,138,1517688617117805004,/gps,0,1,21.311795,-157.88928,10.6,0.5929,0.0,0.0,0.0,0.5929,0.0,0.0,0.0,2.3716,1
1517688629970834270,139,1517688618077594995,/gps,0,1,21.311795,-157.88928,10.6,0.5929,0.0,0.0,0.0,0.5929,0.0,0.0,0.0,2.3716,1
1517688630961381791,140,1517688619101191043,/gps,0,1,21.311795,-157.88928,10.6,0.5929,0.0,0.0,0.0,0.5929,0.0,0.0,0.0,2.3716,1
1517688631914197681,141,1517688620044707059,/gps,0,1,21.311795,-157.88928,10.6,0.5929,0.0,0.0,0.0,0.5929,0.0,0.0,0.0,2.3716,1
1517688632973374594,142,1517688621068449974,/gps,0,1,21.311795,-157.88928,10.6,0.5929,0.0,0.0,0.0,0.5929,0.0,0.0,0.0,2.3716,1
1517688633958816133,143,1517688622076185941,/gps,0,1,21.311795,-157.88928,10.6,0.5929,0.0,0.0,0.0,0.5929,0.0,0.0,0.0,2.3716,1
1517688634938023334,144,1517688623051891088,/gps,0,1,21.311795,-157.88928,10.6,0.5929,0.0,0.0,0.0,0.5929,0.0,0.0,0.0,2.3716,1
1517688635965717970,145,1517688624075448989,/gps,0,1,21.311795,-157.88928,10.6,0.5929,0.0,0.0,0.0,0.5929,0.0,0.0,0.0,2.3716,1
1517688636956211282,146,1517688625098908901,/gps,0,1,21.311795,-157.88928,10.6,0.5329,0.0,0.0,0.0,0.5329,0.0,0.0,0.0,2.1316,1
1517688637937671272,147,1517688626074639081,/gps,0,1,21.311795,-157.88928,10.6,0.5329,0.0,0.0,0.0,0.5329,0.0,0.0,0.0,2.1316,1
1517688638995226110,148,1517688627114370107,/gps,0,1,21.311795,-157.88928,10.7,0.5929,0.0,0.0,0.0,0.5929,0.0,0.0,0.0,2.3716,1
1517688639933342275,149,1517688628074104070,/gps,0,1,21.311795,-157.88928,10.7,0.5929,0.0,0.0,0.0,0.5929,0.0,0.0,0.0,2.3716,1
1517688640979394603,150,1517688629113662004,/gps,0,1,21.311795,-157.88928,10.7,0.5929,0.0,0.0,0.0,0.5929,0.0,0.0,0.0,2.3716,1
1517688641974014957,151,1517688630105211973,/gps,0,1,21.311795,-157.88928,10.7,0.5929,0.0,0.0,0.0,0.5929,0.0,0.0,0.0,2.3716,1
1517688642956594762,152,1517688631096843957,/gps,0,1,21.311795,-157.88928,10.7,0.5929,0.0,0.0,0.0,0.5929,0.0,0.0,0.0,2.3716,1
1517688643992988947,153,1517688632120307922,/gps,0,1,21.311795,-157.88928,10.7,0.5929,0.0,0.0,0.0,0.5929,0.0,0.0,0.0,2.3716,1
1517688644992134822,154,1517688633112063884,/gps,0,1,21.311795,-157.88928,10.7,0.5329,0.0,0.0,0.0,0.5329,0.0,0.0,0.0,2.1316,1
1517688645960993175,155,1517688634103728055,/gps,0,1,21.311795,-157.88928,10.7,0.5929,0.0,0.0,0.0,0.5929,0.0,0.0,0.0,2.3716,1
1517688646987761126,156,1517688635127589941,/gps,0,1,21.311795,-157.88928,10.7,0.5329,0.0,0.0,0.0,0.5329,0.0,0.0,0.0,2.1316,1
1517688648002259630,157,1517688636135443925,/gps,0,1,21.311795,-157.88928,10.7,0.5329,0.0,0.0,0.0,0.5329,0.0,0.0,0.0,2.1316,1
1517688648996900958,158,1517688637126570940,/gps,0,1,21.311795,-157.88928,10.7,0.5329,0.0,0.0,0.0,0.5329,0.0,0.0,0.0,2.1316,1
1517688649966521356,159,1517688638102540969,/gps,0,1,21.311795,-157.88928,10.7,0.5329,0.0,0.0,0.0,0.5329,0.0,0.0,0.0,2.1316,1
1517688650929748392,160,1517688639062262058,/gps,0,1,21.311795,-157.88928,10.7,0.5329,0.0,0.0,0.0,0.5329,0.0,0.0,0.0,2.1316,1
1517688651975469745,161,1517688640117914915,/gps,0,1,21.311795,-157.88928,10.7,0.5329,0.0,0.0,0.0,0.5329,0.0,0.0,0.0,2.1316,1
1517688652948284324,162,1517688641077434062,/gps,0,1,21.311795,-157.88928,10.7,0.5929,0.0,0.0,0.0,0.5929,0.0,0.0,0.0,2.3716,1
1517688653944360256,163,1517688642069041967,/gps,0,1,21.311795,-157.88928,10.7,0.5929,0.0,0.0,0.0,0.5929,0.0,0.0,0.0,2.3716,1
1517688654942209272,164,1517688643076803922,/gps,0,1,21.311795,-157.88928,10.7,0.5929,0.0,0.0,0.0,0.5929,0.0,0.0,0.0,2.3716,1
1517688655938576412,165,1517688644068561077,/gps,0,1,21.311795,-157.88928,10.8,0.5329,0.0,0.0,0.0,0.5329,0.0,0.0,0.0,2.1316,1
1517688656962605400,166,1517688645059926986,/gps,0,1,21.311795,-157.88928,10.8,0.5929,0.0,0.0,0.0,0.5929,0.0,0.0,0.0,2.3716,1
1517688657925990157,167,1517688646067488908,/gps,0,1,21.311795,-157.88928,10.8,0.5929,0.0,0.0,0.0,0.5929,0.0,0.0,0.0,2.3716,1
1517688658940093001,168,1517688647059463977,/gps,0,1,21.311795,-157.88928,10.8,0.5929,0.0,0.0,0.0,0.5929,0.0,0.0,0.0,2.3716,1
1517688659988840184,169,1517688648114856004,/gps,0,1,21.311795,-157.88928,10.8,0.5929,0.0,0.0,0.0,0.5929,0.0,0.0,0.0,2.3716,1
1517688660947935904,170,1517688649058639049,/gps,0,1,21.311795,-157.88928,10.8,0.5929,0.0,0.0,0.0,0.5929,0.0,0.0,0.0,2.3716,1
1517688661972745003,171,1517688650114237070,/gps,0,1,21.311795,-157.88928,10.8,0.5929,0.0,0.0,0.0,0.5929,0.0,0.0,0.0,2.3716,1
1517688662988143004,172,1517688651121823072,/gps,0,1,21.311795,-157.88928,10.8,0.5929,0.0,0.0,0.0,0.5929,0.0,0.0,0.0,2.3716,1
1517688664020258130,173,1517688652113626003,/gps,0,1,21.311795,-157.88928,10.8,0.5929,0.0,0.0,0.0,0.5929,0.0,0.0,0.0,2.3716,1
1517688665044242801,174,1517688653121226072,/gps,0,1,21.311795,-157.88928,10.8,0.5929,0.0,0.0,0.0,0.5929,0.0,0.0,0.0,2.3716,1
1517688666036548186,175,1517688654128726959,/gps,0,1,21.311795,-157.889278333,10.8,0.5929,0.0,0.0,0.0,0.5929,0.0,0.0,0.0,2.3716,1
1517688667038467960,176,1517688655120688915,/gps,0,1,21.311795,-157.889278333,10.9,0.5929,0.0,0.0,0.0,0.5929,0.0,0.0,0.0,2.3716,1
1517688667996082241,177,1517688656127913951,/gps,0,1,21.311795,-157.889278333,10.9,0.5929,0.0,0.0,0.0,0.5929,0.0,0.0,0.0,2.3716,1
1517688668996347388,178,1517688657103920936,/gps,0,1,21.311795,-157.889278333,10.9,0.5929,0.0,0.0,0.0,0.5929,0.0,0.0,0.0,2.3716,1
1517688669954189957,179,1517688658079237937,/gps,0,1,21.311795,-157.889278333,10.9,0.5929,0.0,0.0,0.0,0.5929,0.0,0.0,0.0,2.3716,1
1517688670950660775,180,1517688659087328910,/gps,0,1,21.311795,-157.889278333,10.9,0.5929,0.0,0.0,0.0,0.5929,0.0,0.0,0.0,2.3716,1
1517688672017315385,181,1517688660126919031,/gps,0,1,21.311795,-157.889278333,10.9,0.5929,0.0,0.0,0.0,0.5929,0.0,0.0,0.0,2.3716,1
1517688672973902689,182,1517688661102611064,/gps,0,1,21.311795,-157.889278333,10.9,0.5929,0.0,0.0,0.0,0.5929,0.0,0.0,0.0,2.3716,1
1517688673979291953,183,1517688662046391010,/gps,0,1,21.311795,-157.889278333,10.9,0.5929,0.0,0.0,0.0,0.5929,0.0,0.0,0.0,2.3716,1
1517688674911172979,184,1517688663037674903,/gps,0,1,21.311795,-157.889278333,10.9,0.5929,0.0,0.0,0.0,0.5929,0.0,0.0,0.0,2.3716,1
1517688675903190883,185,1517688664045474052,/gps,0,1,21.311795,-157.889278333,10.9,0.5929,0.0,0.0,0.0,0.5929,0.0,0.0,0.0,2.3716,1
1517688677120906311,186,1517688665053283929,/gps,0,1,21.311795,-157.889278333,10.9,0.5929,0.0,0.0,0.0,0.5929,0.0,0.0,0.0,2.3716,1
1517688677955344441,187,1517688666060847997,/gps,0,1,21.311795,-157.889278333,10.9,0.5929,0.0,0.0,0.0,0.5929,0.0,0.0,0.0,2.3716,1
1517688678958398992,188,1517688667084223031,/gps,0,1,21.311795,-157.889278333,10.9,0.5329,0.0,0.0,0.0,0.5329,0.0,0.0,0.0,2.1316,1
1517688679906580993,189,1517688668043994903,/gps,0,1,21.311795,-157.889278333,10.9,0.5329,0.0,0.0,0.0,0.5329,0.0,0.0,0.0,2.1316,1
1517688680956308756,190,1517688669099652051,/gps,0,1,21.311795,-157.889278333,10.9,0.5329,0.0,0.0,0.0,0.5329,0.0,0.0,0.0,2.1316,1
1517688681923731353,191,1517688670059317111,/gps,0,1,21.311795,-157.889278333,10.9,0.5329,0.0,0.0,0.0,0.5329,0.0,0.0,0.0,2.1316,1
1517688683021266581,192,1517688671130861997,/gps,0,1,21.311795,-157.889278333,10.9,0.5329,0.0,0.0,0.0,0.5329,0.0,0.0,0.0,2.1316,1
1517688684018579562,193,1517688672138577938,/gps,0,1,21.311795,-157.889278333,10.9,0.5329,0.0,0.0,0.0,0.5329,0.0,0.0,0.0,2.1316,1
1517688685057332937,194,1517688673130285024,/gps,0,1,21.311795,-157.889278333,10.9,0.5329,0.0,0.0,0.0,0.5329,0.0,0.0,0.0,2.1316,1
1517688686008972636,195,1517688674137864112,/gps,0,1,21.311795,-157.889278333,10.9,0.5329,0.0,0.0,0.0,0.5329,0.0,0.0,0.0,2.1316,1
1517688687007278633,196,1517688675129565954,/gps,0,1,21.311795,-157.889278333,10.9,0.5329,0.0,0.0,0.0,0.5329,0.0,0.0,0.0,2.1316,1
1517688688026502063,197,1517688676121207952,/gps,0,1,21.311795,-157.889278333,10.9,0.5329,0.0,0.0,0.0,0.5329,0.0,0.0,0.0,2.1316,1
1517688689004508083,198,1517688677112934112,/gps,0,1,21.311795,-157.889278333,10.9,0.5329,0.0,0.0,0.0,0.5329,0.0,0.0,0.0,2.1316,1
1517688690003980203,199,1517688678120551109,/gps,0,1,21.311795,-157.889278333,11.0,0.5329,0.0,0.0,0.0,0.5329,0.0,0.0,0.0,2.1316,1
1517688690961118180,200,1517688679064301013,/gps,0,1,21.311795,-157.889278333,11.0,0.5329,0.0,0.0,0.0,0.5329,0.0,0.0,0.0,2.1316,1
1517688691959226340,201,1517688680055847883,/gps,0,1,21.3117966667,-157.889278333,11.0,0.5329,0.0,0.0,0.0,0.5329,0.0,0.0,0.0,2.1316,1
1517688692986260588,202,1517688681111522912,/gps,0,1,21.3117966667,-157.889278333,11.0,0.5329,0.0,0.0,0.0,0.5329,0.0,0.0,0.0,2.1316,1
1517688693918163863,203,1517688682055502891,/gps,0,1,21.3117966667,-157.889278333,11.0,0.5329,0.0,0.0,0.0,0.5329,0.0,0.0,0.0,2.1316,1
1517688695049237258,204,1517688683126713991,/gps,0,1,21.3117966667,-157.889278333,11.0,0.5329,0.0,0.0,0.0,0.5329,0.0,0.0,0.0,2.1316,1
1517688695985986508,205,1517688684118448019,/gps,0,1,21.3117966667,-157.889278333,11.0,0.5329,0.0,0.0,0.0,0.5329,0.0,0.0,0.0,2.1316,1
1517688696959342096,206,1517688685078155994,/gps,0,1,21.3117966667,-157.889278333,11.0,0.5329,0.0,0.0,0.0,0.5329,0.0,0.0,0.0,2.1316,1
1517688698014727418,207,1517688686117677927,/gps,0,1,21.3117966667,-157.889278333,11.0,0.5329,0.0,0.0,0.0,0.5329,0.0,0.0,0.0,2.1316,1
1517688698925076400,208,1517688687061089038,/gps,0,1,21.3117966667,-157.889278333,11.0,0.5329,0.0,0.0,0.0,0.5329,0.0,0.0,0.0,2.1316,1
1517688699919881828,209,1517688688052958965,/gps,0,1,21.3117966667,-157.889278333,11.1,0.5329,0.0,0.0,0.0,0.5329,0.0,0.0,0.0,2.1316,1
1517688701037035802,210,1517688689060539960,/gps,0,1,21.3117966667,-157.889278333,11.1,0.5329,0.0,0.0,0.0,0.5329,0.0,0.0,0.0,2.1316,1
1517688701996263891,211,1517688690132103919,/gps,0,1,21.3117966667,-157.889278333,11.0,0.5329,0.0,0.0,0.0,0.5329,0.0,0.0,0.0,2.1316,1
1517688702937807992,212,1517688691059731960,/gps,0,1,21.3117966667,-157.889278333,11.0,0.5329,0.0,0.0,0.0,0.5329,0.0,0.0,0.0,2.1316,1
1517688703991865443,213,1517688692115421056,/gps,0,1,21.3117966667,-157.889278333,11.0,0.5329,0.0,0.0,0.0,0.5329,0.0,0.0,0.0,2.1316,1
1517688704975175974,214,1517688693107244014,/gps,0,1,21.3117966667,-157.889278333,11.0,0.5329,0.0,0.0,0.0,0.5329,0.0,0.0,0.0,2.1316,1
1517688705975950569,215,1517688694114589929,/gps,0,1,21.3117966667,-157.889278333,11.0,0.5329,0.0,0.0,0.0,0.5329,0.0,0.0,0.0,2.1316,1
1517688706999997650,216,1517688695122347116,/gps,0,1,21.3117966667,-157.889278333,11.0,0.5329,0.0,0.0,0.0,0.5329,0.0,0.0,0.0,2.1316,1
1517688707975534100,217,1517688696114145040,/gps,0,1,21.3117966667,-157.889278333,11.0,0.5329,0.0,0.0,0.0,0.5329,0.0,0.0,0.0,2.1316,1
1517688708974938846,218,1517688697105571985,/gps,0,1,21.3117966667,-157.889278333,11.0,0.5329,0.0,0.0,0.0,0.5329,0.0,0.0,0.0,2.1316,1
1517688709981925517,219,1517688698113466978,/gps,0,1,21.3117966667,-157.889278333,11.0,0.5329,0.0,0.0,0.0,0.5329,0.0,0.0,0.0,2.1316,1
1517688711006173257,220,1517688699121308088,/gps,0,1,21.3117966667,-157.889278333,11.1,0.5329,0.0,0.0,0.0,0.5329,0.0,0.0,0.0,2.1316,1
1517688712023145472,221,1517688700096930027,/gps,0,1,21.3117966667,-157.889276667,11.1,0.5329,0.0,0.0,0.0,0.5329,0.0,0.0,0.0,2.1316,1
1517688712958189734,222,1517688701056456089,/gps,0,1,21.3117966667,-157.889276667,11.1,0.5329,0.0,0.0,0.0,0.5329,0.0,0.0,0.0,2.1316,1
1517688714241779006,223,1517688702112062931,/gps,0,1,21.3117966667,-157.889276667,11.1,0.5329,0.0,0.0,0.0,0.5329,0.0,0.0,0.0,2.1316,1
1517688714926198954,224,1517688703055552005,/gps,0,1,21.3117966667,-157.889276667,11.1,0.5329,0.0,0.0,0.0,0.5329,0.0,0.0,0.0,2.1316,1
1517688716008868023,225,1517688704111125946,/gps,0,1,21.3117966667,-157.889276667,11.1,0.5329,0.0,0.0,0.0,0.5329,0.0,0.0,0.0,2.1316,1
1517688716924051314,226,1517688705055181026,/gps,0,1,21.3117966667,-157.889276667,11.1,0.5329,0.0,0.0,0.0,0.5329,0.0,0.0,0.0,2.1316,1
1517688717947443140,227,1517688706062432050,/gps,0,1,21.3117966667,-157.889276667,11.1,0.5329,0.0,0.0,0.0,0.5329,0.0,0.0,0.0,2.1316,1
1517688718976207025,228,1517688707102380990,/gps,0,1,21.3117966667,-157.889276667,11.1,0.5329,0.0,0.0,0.0,0.5329,0.0,0.0,0.0,2.1316,1
1517688719931303803,229,1517688708062094926,/gps,0,1,21.3117966667,-157.889276667,11.1,0.5329,0.0,0.0,0.0,0.5329,0.0,0.0,0.0,2.1316,1
1517688720938676981,230,1517688709053793907,/gps,0,1,21.3117966667,-157.889276667,11.1,0.5329,0.0,0.0,0.0,0.5329,0.0,0.0,0.0,2.1316,1
1517688721947285601,231,1517688710061299085,/gps,0,1,21.3117966667,-157.889276667,11.1,0.5329,0.0,0.0,0.0,0.5329,0.0,0.0,0.0,2.1316,1
1517688722944855555,232,1517688711068829059,/gps,0,1,21.3117966667,-157.889276667,11.1,0.5329,0.0,0.0,0.0,0.5329,0.0,0.0,0.0,2.1316,1
1517688724236395868,233,1517688712124321937,/gps,0,1,21.3117966667,-157.889276667,11.1,0.5329,0.0,0.0,0.0,0.5329,0.0,0.0,0.0,2.1316,1
1517688724987575222,234,1517688713116352081,/gps,0,1,21.3117966667,-157.889276667,11.1,0.5329,0.0,0.0,0.0,0.5329,0.0,0.0,0.0,2.1316,1
1517688725994158775,235,1517688714123779058,/gps,0,1,21.3117966667,-157.889276667,11.1,0.5329,0.0,0.0,0.0,0.5329,0.0,0.0,0.0,2.1316,1
1517688726943559540,236,1517688715083519935,/gps,0,1,21.3117966667,-157.889276667,11.1,0.5329,0.0,0.0,0.0,0.5329,0.0,0.0,0.0,2.1316,1
1517688728015846151,237,1517688716107357978,/gps,0,1,21.3117966667,-157.889276667,11.1,0.5329,0.0,0.0,0.0,0.5329,0.0,0.0,0.0,2.1316,1
1517688738714928341,238,1517688717114716053,/gps,0,1,21.3117966667,-157.889276667,11.1,0.5329,0.0,0.0,0.0,0.5329,0.0,0.0,0.0,2.1316,1
1517688738714932109,239,1517688718138449907,/gps,0,1,21.3117966667,-157.889276667,11.1,0.5329,0.0,0.0,0.0,0.5329,0.0,0.0,0.0,2.1316,1
1517688738714935176,240,1517688719114032983,/gps,0,1,21.3117966667,-157.889276667,11.1,0.5329,0.0,0.0,0.0,0.5329,0.0,0.0,0.0,2.1316,1
1517688738714938278,241,1517688720121571063,/gps,0,1,21.3117966667,-157.889276667,11.1,0.5329,0.0,0.0,0.0,0.5329,0.0,0.0,0.0,2.1316,1
1517688738714941011,242,1517688721129229068,/gps,0,1,21.3117966667,-157.889276667,11.1,0.5329,0.0,0.0,0.0,0.5329,0.0,0.0,0.0,2.1316,1
1517688738714943679,243,1517688722073183059,/gps,0,1,21.3117966667,-157.889276667,11.1,0.5329,0.0,0.0,0.0,0.5329,0.0,0.0,0.0,2.1316,1
1517688738714946522,244,1517688723128798007,/gps,0,1,21.3117966667,-157.889276667,11.1,0.5329,0.0,0.0,0.0,0.5329,0.0,0.0,0.0,2.1316,1
1517688738714949558,245,1517688724056304931,/gps,0,1,21.3117966667,-157.889276667,11.1,0.5329,0.0,0.0,0.0,0.5329,0.0,0.0,0.0,2.1316,1
1517688738714952464,246,1517688725127919912,/gps,0,1,21.3117966667,-157.889276667,11.1,0.5329,0.0,0.0,0.0,0.5329,0.0,0.0,0.0,2.1316,1
1517688738714955328,247,1517688726087471008,/gps,0,1,21.3117966667,-157.889276667,11.2,0.5329,0.0,0.0,0.0,0.5329,0.0,0.0,0.0,2.1316,1
1517688739026325054,248,1517688727063405036,/gps,0,1,21.3117966667,-157.889276667,11.2,0.5329,0.0,0.0,0.0,0.5329,0.0,0.0,0.0,2.1316,1
1517688739965782468,249,1517688728102588891,/gps,0,1,21.3117966667,-157.889276667,11.2,0.5329,0.0,0.0,0.0,0.5329,0.0,0.0,0.0,2.1316,1
1517688740947806647,250,1517688729078602075,/gps,0,1,21.3117983333,-157.889276667,11.2,0.5329,0.0,0.0,0.0,0.5329,0.0,0.0,0.0,2.1316,1
1517688743080714676,251,1517688730070059061,/gps,0,1,21.3117983333,-157.889276667,11.2,0.5329,0.0,0.0,0.0,0.5329,0.0,0.0,0.0,2.1316,1
1517688743080738801,252,1517688731061717033,/gps,0,1,21.3117983333,-157.889276667,11.2,0.5329,0.0,0.0,0.0,0.5329,0.0,0.0,0.0,2.1316,1
1517688743940963259,253,1517688732069278955,/gps,0,1,21.3117983333,-157.889276667,11.2,0.5329,0.0,0.0,0.0,0.5329,0.0,0.0,0.0,2.1316,1
1517688744999029538,254,1517688733109038114,/gps,0,1,21.3117983333,-157.889276667,11.3,0.5329,0.0,0.0,0.0,0.5329,0.0,0.0,0.0,2.1316,1
1517688745976216712,255,1517688734116817951,/gps,0,1,21.3117983333,-157.889276667,11.3,0.5329,0.0,0.0,0.0,0.5329,0.0,0.0,0.0,2.1316,1
1517688749156305545,256,1517688735124288082,/gps,0,1,21.3117983333,-157.889276667,11.3,0.5329,0.0,0.0,0.0,0.5329,0.0,0.0,0.0,2.1316,1
1517688749156315166,257,1517688736067998886,/gps,0,1,21.3117983333,-157.889276667,11.3,0.5329,0.0,0.0,0.0,0.5329,0.0,0.0,0.0,2.1316,1
1517688749156319000,258,1517688737123541116,/gps,0,1,21.3117983333,-157.889276667,11.3,0.5329,0.0,0.0,0.0,0.5329,0.0,0.0,0.0,2.1316,1
1517688749995322122,259,1517688738131422042,/gps,0,1,21.3117983333,-157.889276667,11.3,0.5329,0.0,0.0,0.0,0.5329,0.0,0.0,0.0,2.1316,1
1517688750990797823,260,1517688739122937917,/gps,0,1,21.3117983333,-157.889276667,11.3,0.5329,0.0,0.0,0.0,0.5329,0.0,0.0,0.0,2.1316,1
1517688752056751422,261,1517688740130559921,/gps,0,1,21.3117983333,-157.889276667,11.4,0.5329,0.0,0.0,0.0,0.5329,0.0,0.0,0.0,2.1316,1
1517688753109790882,262,1517688741074388980,/gps,0,1,21.3117983333,-157.889276667,11.4,0.5329,0.0,0.0,0.0,0.5329,0.0,0.0,0.0,2.1316,1
1517688754065942693,263,1517688742113835096,/gps,0,1,21.3117983333,-157.889276667,11.4,0.5329,0.0,0.0,0.0,0.5329,0.0,0.0,0.0,2.1316,1
1517688755185622923,264,1517688743121423006,/gps,0,1,21.3117983333,-157.889276667,11.4,0.5329,0.0,0.0,0.0,0.5329,0.0,0.0,0.0,2.1316,1
1517688756591466599,265,1517688744129106044,/gps,0,1,21.3117983333,-157.889276667,11.4,0.5329,0.0,0.0,0.0,0.5329,0.0,0.0,0.0,2.1316,1
1517688756957901705,266,1517688745072777032,/gps,0,1,21.3117983333,-157.889276667,11.4,0.5329,0.0,0.0,0.0,0.5329,0.0,0.0,0.0,2.1316,1
1517688757998015505,267,1517688746128319978,/gps,0,1,21.3117983333,-157.889276667,11.4,0.5329,0.0,0.0,0.0,0.5329,0.0,0.0,0.0,2.1316,1
1517688759010641868,268,1517688747087909936,/gps,0,1,21.3117983333,-157.889276667,11.4,0.5329,0.0,0.0,0.0,0.5329,0.0,0.0,0.0,2.1316,1
1517688759927314281,269,1517688748063656091,/gps,0,1,21.3117983333,-157.889276667,11.4,0.5329,0.0,0.0,0.0,0.5329,0.0,0.0,0.0,2.1316,1
1517688761053010110,270,1517688749135354995,/gps,0,1,21.3117983333,-157.889276667,11.5,0.5329,0.0,0.0,0.0,0.5329,0.0,0.0,0.0,2.1316,1
1517688761960438691,271,1517688750094926118,/gps,0,1,21.3117983333,-157.889276667,11.5,0.5329,0.0,0.0,0.0,0.5329,0.0,0.0,0.0,2.1316,1
1517688762937577615,272,1517688751054778099,/gps,0,1,21.3117983333,-157.889276667,11.5,0.5329,0.0,0.0,0.0,0.5329,0.0,0.0,0.0,2.1316,1
1517688764153960035,273,1517688752062465906,/gps,0,1,21.3117983333,-157.889276667,11.5,0.5329,0.0,0.0,0.0,0.5329,0.0,0.0,0.0,2.1316,1
1517688765262144455,274,1517688753069742918,/gps,0,1,21.3117983333,-157.889276667,11.5,0.5329,0.0,0.0,0.0,0.5329,0.0,0.0,0.0,2.1316,1
1517688765999584831,275,1517688754125639915,/gps,0,1,21.3117983333,-157.889276667,11.5,0.5329,0.0,0.0,0.0,0.5329,0.0,0.0,0.0,2.1316,1
1517688766992889042,276,1517688755117173910,/gps,0,1,21.3117983333,-157.889276667,11.5,0.5329,0.0,0.0,0.0,0.5329,0.0,0.0,0.0,2.1316,1
1517688767970528700,277,1517688756109000921,/gps,0,1,21.3117983333,-157.889276667,11.5,0.5329,0.0,0.0,0.0,0.5329,0.0,0.0,0.0,2.1316,1
1517688768960353952,278,1517688757084522008,/gps,0,1,21.3117983333,-157.889276667,11.6,0.5329,0.0,0.0,0.0,0.5329,0.0,0.0,0.0,2.1316,1
1517688770019216605,279,1517688758123878002,/gps,0,1,21.3117983333,-157.889276667,11.6,0.5329,0.0,0.0,0.0,0.5329,0.0,0.0,0.0,2.1316,1
1517688771021887695,280,1517688759131953954,/gps,0,1,21.3117983333,-157.889276667,11.6,0.5329,0.0,0.0,0.0,0.5329,0.0,0.0,0.0,2.1316,1
1517688772014186667,281,1517688760107450008,/gps,0,1,21.3117983333,-157.889276667,11.6,0.5329,0.0,0.0,0.0,0.5329,0.0,0.0,0.0,2.1316,1
1517688772996122640,282,1517688761115056991,/gps,0,1,21.3117983333,-157.889276667,11.6,0.5329,0.0,0.0,0.0,0.5329,0.0,0.0,0.0,2.1316,1
1517688773922151544,283,1517688762058736085,/gps,0,1,21.3117983333,-157.889276667,11.6,0.5329,0.0,0.0,0.0,0.5329,0.0,0.0,0.0,2.1316,1
1517688774984155000,284,1517688763114120006,/gps,0,1,21.3117983333,-157.889276667,11.6,0.5329,0.0,0.0,0.0,0.5329,0.0,0.0,0.0,2.1316,1
1517688775979098101,285,1517688764106235980,/gps,0,1,21.3117983333,-157.889276667,11.6,0.5329,0.0,0.0,0.0,0.5329,0.0,0.0,0.0,2.1316,1
1517688776981807974,286,1517688765113538026,/gps,0,1,21.3117983333,-157.889276667,11.6,0.5329,0.0,0.0,0.0,0.5329,0.0,0.0,0.0,2.1316,1
1517688777930941208,287,1517688766057450056,/gps,0,1,21.3117983333,-157.889276667,11.6,0.5329,0.0,0.0,0.0,0.5329,0.0,0.0,0.0,2.1316,1
1517688778975092122,288,1517688767112915992,/gps,0,1,21.3117983333,-157.889276667,11.6,0.5329,0.0,0.0,0.0,0.5329,0.0,0.0,0.0,2.1316,1
1517688789732319943,289,1517688768056838035,/gps,0,1,21.3117983333,-157.889276667,11.6,0.5329,0.0,0.0,0.0,0.5329,0.0,0.0,0.0,2.1316,1
1517688789732330331,290,1517688769048360109,/gps,0,1,21.3117983333,-157.889276667,11.6,0.5329,0.0,0.0,0.0,0.5329,0.0,0.0,0.0,2.1316,1
1517688789732334122,291,1517688770120168924,/gps,0,1,21.3117983333,-157.889276667,11.6,0.5329,0.0,0.0,0.0,0.5329,0.0,0.0,0.0,2.1316,1
1517688789732337537,292,1517688771079452037,/gps,0,1,21.3117983333,-157.889276667,11.6,0.5329,0.0,0.0,0.0,0.5329,0.0,0.0,0.0,2.1316,1
1517688789732342119,293,1517688772071373939,/gps,0,1,21.3117983333,-157.889276667,11.6,0.5329,0.0,0.0,0.0,0.5329,0.0,0.0,0.0,2.1316,1
1517688789736225366,294,1517688773078774929,/gps,0,1,21.3117983333,-157.889278333,11.6,0.5329,0.0,0.0,0.0,0.5329,0.0,0.0,0.0,2.1316,1
1517688789736229789,295,1517688774070394992,/gps,0,1,21.3117983333,-157.889278333,11.6,0.5329,0.0,0.0,0.0,0.5329,0.0,0.0,0.0,2.1316,1
1517688789736233051,296,1517688775077992916,/gps,0,1,21.3118,-157.889276667,11.6,0.5329,0.0,0.0,0.0,0.5329,0.0,0.0,0.0,2.1316,1
1517688789736235770,297,1517688776053667068,/gps,0,1,21.3118,-157.889276667,11.6,0.5329,0.0,0.0,0.0,0.5329,0.0,0.0,0.0,2.1316,1
1517688789736251608,298,1517688777061383962,/gps,0,1,21.3118,-157.889276667,11.6,0.5329,0.0,0.0,0.0,0.5329,0.0,0.0,0.0,2.1316,1
1517688790087149477,299,1517688778117155075,/gps,0,1,21.3118,-157.889276667,11.6,0.5329,0.0,0.0,0.0,0.5329,0.0,0.0,0.0,2.1316,1
1517688790939234832,300,1517688779076735019,/gps,0,1,21.3118,-157.889276667,11.6,0.5329,0.0,0.0,0.0,0.5329,0.0,0.0,0.0,2.1316,1
1517688792007688896,301,1517688780132076025,/gps,0,1,21.3118,-157.889276667,11.7,0.5329,0.0,0.0,0.0,0.5329,0.0,0.0,0.0,2.1316,1
1517688792979880613,302,1517688781107727050,/gps,0,1,21.3118,-157.889276667,11.7,0.5329,0.0,0.0,0.0,0.5329,0.0,0.0,0.0,2.1316,1
1517688794003436544,303,1517688782115382909,/gps,0,1,21.3118,-157.889276667,11.7,0.5329,0.0,0.0,0.0,0.5329,0.0,0.0,0.0,2.1316,1
1517688796299021397,304,1517688783138950109,/gps,0,1,21.3118,-157.889276667,11.7,0.5329,0.0,0.0,0.0,0.5329,0.0,0.0,0.0,2.1316,1
1517688796299028450,305,1517688784130697011,/gps,0,1,21.3118,-157.889276667,11.7,0.5329,0.0,0.0,0.0,0.5329,0.0,0.0,0.0,2.1316,1
1517688797003098728,306,1517688785122509002,/gps,0,1,21.3118,-157.889276667,11.7,0.5329,0.0,0.0,0.0,0.5329,0.0,0.0,0.0,2.1316,1
1517688797994664523,307,1517688786129769086,/gps,0,1,21.3118,-157.889276667,11.7,0.5329,0.0,0.0,0.0,0.5329,0.0,0.0,0.0,2.1316,1
1517688798971863791,308,1517688787105426073,/gps,0,1,21.3118,-157.889276667,11.7,0.5329,0.0,0.0,0.0,0.5329,0.0,0.0,0.0,2.1316,1
1517688800024573844,309,1517688788129215002,/gps,0,1,21.3118,-157.889276667,11.7,0.5329,0.0,0.0,0.0,0.5329,0.0,0.0,0.0,2.1316,1
1517688800967624361,310,1517688789105076074,/gps,0,1,21.3118,-157.889276667,11.7,0.5329,0.0,0.0,0.0,0.5329,0.0,0.0,0.0,2.1316,1
1517688801980156896,311,1517688790112545013,/gps,0,1,21.3118,-157.889276667,11.7,0.5329,0.0,0.0,0.0,0.5329,0.0,0.0,0.0,2.1316,1
1517688803041859866,312,1517688791120028972,/gps,0,1,21.3118,-157.889276667,11.7,0.5329,0.0,0.0,0.0,0.5329,0.0,0.0,0.0,2.1316,1
1517688804026857674,313,1517688792079602003,/gps,0,1,21.3118,-157.889276667,11.7,0.5329,0.0,0.0,0.0,0.5329,0.0,0.0,0.0,2.1316,1
1517688805670512612,314,1517688793055222034,/gps,0,1,21.3118,-157.889276667,11.7,0.5329,0.0,0.0,0.0,0.5329,0.0,0.0,0.0,2.1316,1
1517688806011922729,315,1517688794046857118,/gps,0,1,21.3118,-157.889276667,11.7,0.5329,0.0,0.0,0.0,0.5329,0.0,0.0,0.0,2.1316,1
1517688806938026501,316,1517688795070450067,/gps,0,1,21.3118,-157.889276667,11.7,0.5329,0.0,0.0,0.0,0.5329,0.0,0.0,0.0,2.1316,1
1517688807972105769,317,1517688796062438964,/gps,0,1,21.3118,-157.889276667,11.7,0.5329,0.0,0.0,0.0,0.5329,0.0,0.0,0.0,2.1316,1
1517688808951887479,318,1517688797069971084,/gps,0,1,21.3118,-157.889276667,11.7,0.5329,0.0,0.0,0.0,0.5329,0.0,0.0,0.0,2.1316,1
1517688809944746064,319,1517688798077408075,/gps,0,1,21.3118,-157.889276667,11.7,0.5329,0.0,0.0,0.0,0.5329,0.0,0.0,0.0,2.1316,1
1517688810965310823,320,1517688799100982904,/gps,0,1,21.3118,-157.889276667,11.7,0.5329,0.0,0.0,0.0,0.5329,0.0,0.0,0.0,2.1316,1
1517688811948412592,321,1517688800076776027,/gps,0,1,21.3118,-157.889276667,11.7,0.5329,0.0,0.0,0.0,0.5329,0.0,0.0,0.0,2.1316,1
1517688812979364928,322,1517688801116669893,/gps,0,1,21.3118,-157.889278333,11.8,0.5329,0.0,0.0,0.0,0.5329,0.0,0.0,0.0,2.1316,1
1517688813996236623,323,1517688802124200105,/gps,0,1,21.3118,-157.889278333,11.8,0.5329,0.0,0.0,0.0,0.5329,0.0,0.0,0.0,2.1316,1
1517688814959896496,324,1517688803100018024,/gps,0,1,21.3118,-157.889278333,11.8,0.5329,0.0,0.0,0.0,0.5329,0.0,0.0,0.0,2.1316,1
1517688815993092663,325,1517688804123516082,/gps,0,1,21.3118,-157.889278333,11.8,0.5329,0.0,0.0,0.0,0.5329,0.0,0.0,0.0,2.1316,1
1517688816957247530,326,1517688805099356889,/gps,0,1,21.3118,-157.889278333,11.8,0.5329,0.0,0.0,0.0,0.5329,0.0,0.0,0.0,2.1316,1
1517688817993317876,327,1517688806091121912,/gps,0,1,21.3118,-157.889278333,11.8,0.5329,0.0,0.0,0.0,0.5329,0.0,0.0,0.0,2.1316,1
1517688818986040834,328,1517688807114324092,/gps,0,1,21.3118,-157.889278333,11.8,0.5329,0.0,0.0,0.0,0.5329,0.0,0.0,0.0,2.1316,1
1517688819993953385,329,1517688808122138023,/gps,0,1,21.3118,-157.889278333,11.8,0.5476,0.0,0.0,0.0,0.5476,0.0,0.0,0.0,2.1904,1
1517688821021027661,330,1517688809065870046,/gps,0,1,21.3118,-157.889278333,11.8,0.5329,0.0,0.0,0.0,0.5329,0.0,0.0,0.0,2.1316,1
1517688822000843452,331,1517688810121270895,/gps,0,1,21.3118,-157.889278333,11.8,0.5329,0.0,0.0,0.0,0.5329,0.0,0.0,0.0,2.1316,1
